0
0
0
0
0
0
0
0
0
0
0
0
0
0
0
0
0
0
0
0
0
0
0
0
0
0
0
0
0
0
0
0
0
0
0
0
0
0
0
0
0
0
0
0
0
0
0
0
0
0
0
0
0
0
0
0
0
0
0
0
0
0
0
0
0
0
0
0
0
0
0
0
0
0
0
0
0
0
0
0
0
0
0
0
0
0
0
0
0
0
0
0
0
0
0
0
0
0
0
0
0
0
0
0
0
0
0
0
0.01
0.02
0.03
0.04
0.07
0.12
0.2
0.29
0.41
0.54
0.68
0.85
1.03
1.22
1.43
1.65
1.88
2.13
2.39
2.65
2.93
3.21
3.5
3.8
4.1
4.4
4.71
5.02
5.33
5.65
5.97
6.29
6.61
6.93
7.25
7.57
7.9
8.22
8.55
8.88
9.21
9.54
9.87
10.2
10.53
10.86
11.19
11.52
11.85
12.18
12.52
12.85
13.2
13.55
13.9
14.26
14.62
14.99
15.36
15.74
16.14
16.54
16.96
17.38
17.82
18.27
18.72
19.18
19.65
20.12
20.6
21.07
21.54
22.01
22.48
22.95
23.41
23.87
24.31
24.74
25.14
25.51
25.86
26.18
26.47
26.73
26.96
27.18
27.36
27.53
27.67
27.78
27.88
27.97
28.04
28.09
28.14
28.18
28.21
28.23
28.25
28.26
28.27
28.28
28.28
28.29
28.29
28.29
28.3
28.3
28.31
28.33
28.35
28.37
28.39
28.42
28.46
28.5
28.54
28.58
28.63
28.67
28.72
28.76
28.81
28.85
28.89
28.93
28.98
29.03
29.09
29.16
29.24
29.33
29.43
29.55
29.68
29.81
29.96
30.11
30.26
30.41
30.57
30.72
30.87
31.02
31.17
31.31
31.45
31.6
31.75
31.9
32.06
32.22
32.39
32.57
32.76
32.95
33.15
33.36
33.58
33.8
34.03
34.26
34.5
34.75
35
35.25
35.51
35.76
36.02
36.28
36.54
36.81
37.07
37.33
37.59
37.85
38.11
38.36
38.61
38.86
39.11
39.35
39.58
39.82
40.05
40.28
40.5
40.71
40.92
41.11
41.29
41.47
41.63
41.79
41.93
42.07
42.2
42.32
42.43
42.54
42.64
42.73
42.81
42.89
42.97
43.04
43.11
43.18
43.25
43.31
43.37
43.43
43.48
43.54
43.6
43.65
43.7
43.76
43.81
43.86
43.91
43.97
44.02
44.07
44.12
44.17
44.21
44.26
44.3
44.34
44.38
44.41
44.44
44.46
44.49
44.5
44.52
44.53
44.53
44.53
44.53
44.52
44.5
44.48
44.46
44.43
44.4
44.36
44.32
44.27
44.2
44.12
44.03
43.92
43.79
43.66
43.51
43.35
43.15
42.93
42.68
42.41
42.13
41.85
41.57
41.28
41
40.72
40.43
40.15
39.86
39.58
39.29
39
38.71
38.42
38.13
37.84
37.55
37.27
37.01
36.75
36.5
36.25
36.01
35.77
35.53
35.29
35.05
34.82
34.58
34.35
34.12
33.88
33.65
33.42
33.19
32.96
32.73
32.48
32.2
31.91
31.6
31.28
30.96
30.63
30.3
29.96
29.63
29.28
28.92
28.55
28.17
27.78
27.4
27.01
26.62
26.24
25.86
25.5
25.15
24.82
24.5
24.2
23.9
23.61
23.32
23.03
22.75
22.5
22.28
22.09
21.93
21.78
21.64
21.51
21.37
21.24
21.12
21
20.89
20.79
20.7
20.62
20.54
20.48
20.42
20.37
20.31
20.26
20.21
20.15
20.1
20.04
19.98
19.91
19.84
19.77
19.69
19.61
19.52
19.43
19.33
19.23
19.13
19.02
18.91
18.81
18.7
18.6
18.5
18.4
18.31
18.22
18.14
18.06
17.99
17.92
17.86
17.82
17.77
17.74
17.71
17.69
17.68
17.67
17.66
17.66
17.65
17.65
17.65
17.64
17.63
17.62
17.61
17.59
17.56
17.53
17.49
17.44
17.37
17.29
17.18
17.07
16.93
16.78
16.59
16.38
16.15
15.91
15.67
15.42
15.16
14.9
14.64
14.38
14.12
13.86
13.6
13.38
13.19
13.03
12.89
12.76
12.64
12.52
12.41
12.31
12.21
12.12
12.05
11.98
11.93
11.89
11.86
11.84
11.83
11.82
11.82
11.82
11.82
11.83
11.84
11.85
11.86
11.86
11.87
11.88
11.89
11.9
11.91
11.92
11.93
11.94
11.95
11.96
11.98
11.99
12
12.02
12.03
12.05
12.07
12.09
12.11
12.14
12.16
12.19
12.22
12.24
12.27
12.31
12.34
12.37
12.4
12.43
12.47
12.52
12.58
12.66
12.75
12.86
12.98
13.12
13.27
13.44
13.62
13.79
13.97
14.15
14.32
14.48
14.63
14.77
14.91
15.03
15.14
15.24
15.33
15.41
15.48
15.55
15.61
15.67
15.72
15.77
15.81
15.85
15.89
15.93
15.96
15.99
16.02
16.05
16.08
16.1
16.13
16.16
16.2
16.23
16.28
16.33
16.38
16.45
16.51
16.59
16.66
16.74
16.82
16.91
16.99
17.08
17.16
17.25
17.33
17.42
17.5
17.58
17.65
17.72
17.78
17.84
17.89
17.94
17.99
18.03
18.07
18.1
18.13
18.16
18.18
18.21
18.23
18.26
18.28
18.3
18.33
18.37
18.41
18.48
18.55
18.64
18.75
18.87
19.01
19.16
19.32
19.51
19.71
19.92
20.15
20.4
20.66
20.93
21.21
21.49
21.79
22.1
22.41
22.72
23.04
23.37
23.69
24.02
24.36
24.69
25.03
25.37
25.72
26.06
26.4
26.75
27.09
27.44
27.78
28.13
28.47
28.8
29.14
29.46
29.79
30.1
30.41
30.72
31.01
31.31
31.59
31.87
32.14
32.39
32.63
32.87
33.09
33.3
33.5
33.7
33.88
34.06
34.22
34.38
34.52
34.66
34.79
34.91
35.02
35.13
35.24
35.34
35.43
35.52
35.61
35.7
35.78
35.86
35.95
36.03
36.11
36.19
36.27
36.36
36.44
36.53
36.62
36.71
36.8
36.89
36.99
37.09
37.18
37.29
37.39
37.49
37.6
37.71
37.82
37.93
38.04
38.15
38.25
38.36
38.46
38.56
38.66
38.76
38.85
38.94
39.02
39.1
39.18
39.24
39.3
39.36
39.4
39.45
39.48
39.51
39.53
39.55
39.56
39.55
39.54
39.53
39.5
39.47
39.42
39.37
39.32
39.26
39.2
39.14
39.07
39.01
38.94
38.87
38.81
38.75
38.69
38.63
38.56
38.49
38.42
38.34
38.25
38.16
38.06
37.96
37.86
37.76
37.65
37.56
37.47
37.38
37.3
37.22
37.16
37.1
37.04
37
36.95
36.92
36.88
36.85
36.83
36.8
36.78
36.76
36.73
36.71
36.68
36.65
36.62
36.57
36.53
36.47
36.42
36.36
36.29
36.22
36.15
36.08
36
35.93
35.85
35.78
35.71
35.63
35.56
35.49
35.42
35.35
35.28
35.21
35.14
35.07
35
34.93
34.87
34.8
34.74
34.67
34.62
34.56
34.51
34.45
34.41
34.36
34.31
34.25
34.18
34.09
33.99
33.88
33.74
33.59
33.41
33.18
32.92
32.64
32.32
31.97
31.6
31.2
30.78
30.35
29.91
29.46
29
28.52
28.04
27.55
27.06
26.56
26.05
25.54
25.03
24.52
24.01
23.5
22.99
22.49
21.98
21.47
20.97
20.47
19.97
19.49
19.04
18.61
18.2
17.82
17.45
17.09
16.75
16.41
16.09
15.76
15.44
15.13
14.81
14.52
14.24
13.98
13.74
13.51
13.29
13.06
12.85
12.63
12.4
12.17
11.92
11.65
11.37
11.09
10.8
10.51
10.21
9.91
9.6
9.29
8.98
8.66
8.34
8.02
7.7
7.38
7.06
6.74
6.44
6.16
5.89
5.64
5.4
5.17
4.94
4.72
4.49
4.26
4.04
3.83
3.64
3.47
3.31
3.16
3.02
2.88
2.74
2.6
2.46
2.3
2.13
1.94
1.73
1.52
1.31
1.1
0.89
0.68
0.47
0.26
0.06
0.01
0.02
0.02
0.01
0
0
0
0
0
0
0
0
0
0
0
0
0
0
0
0
0
0
0
0
0
0
0
0
0
0
0
0
0
0
0
0
0
0
0
0
0
0
0
0
0
0
0
0
0
0
0
0
0
0
0
0
0
0
0
0
0
0
0
0
0
0
0
0
0
0
0
0
0
0
0
0
0
0
0
0
0
0
0
0
0
0
0
0
0
0
0
0
0
0
0
0
0
0
0
0
0
0
0
0
0
0
0
0
0
0
0
0
0
0
0
0
0
0
0
0
0
0
0
0
0
0
0
0
0
0
0
0
0
0
0
0
0
0
0
0
0
0
0
0
0
0
0
0
0
0
0
0
0
0
0
0
0
0
0
0
0
0
0
0
0
0
0
0
0
0
0
0
0
0
0
0
0
0
0
0
0
0
0
0
0
0
0
0
0
0
0
0
0
0
0
0
0
0
0
0
0
0
0
0
0
0
0
0
0
0
0
0
0
0
0
0
0
0
0
0
0
0
0
0
0
0
0
0
0
0
0
0
0
0
0
0
0
0
0
0
0
0
0
0
0
0
0
0
0
0
0
0
0
0
0
0
0
0
0
0
0
0
0
0
0
0
0
0
0
0
0
0
0
0
0
0
0
0
0
0
0
0
0
0
0
0
0
0
0
0
0
0
0
0
0
0
0
0
0
0
0
0
0
0
0
0
0
0
0
0
0
0
0
0
0
0
0
0
0
0
0
0
0
0
0
0
0
0
0
0
0
0
0
0
0
0
0
0
0
0
0
0
0
0
0
0
0
0
0
0
0
0
0
0
0
0
0
0
0
0
0
0
0
0
0
0
0
0
0
0
0
0
0
0
0
0
0
0
0
0.02
0.03
0.05
0.09
0.16
0.26
0.38
0.52
0.69
0.87
1.07
1.29
1.53
1.79
2.06
2.35
2.66
2.97
3.3
3.65
4
4.36
4.73
5.1
5.49
5.87
6.27
6.66
7.05
7.45
7.84
8.23
8.62
9.01
9.4
9.79
10.18
10.58
10.98
11.39
11.81
12.24
12.67
13.11
13.56
14.01
14.46
14.9
15.33
15.75
16.14
16.53
16.89
17.23
17.56
17.87
18.15
18.42
18.66
18.88
19.08
19.25
19.41
19.54
19.67
19.77
19.87
19.96
20.04
20.11
20.18
20.24
20.3
20.36
20.43
20.49
20.55
20.63
20.71
20.81
20.92
21.04
21.17
21.32
21.48
21.65
21.83
22.02
22.23
22.45
22.67
22.91
23.16
23.41
23.67
23.93
24.2
24.47
24.74
25.01
25.28
25.54
25.81
26.06
26.32
26.57
26.82
27.05
27.28
27.5
27.71
27.91
28.1
28.28
28.45
28.62
28.77
28.92
29.05
29.17
29.28
29.38
29.47
29.56
29.63
29.69
29.75
29.8
29.83
29.85
29.87
29.87
29.86
29.84
29.81
29.77
29.72
29.67
29.61
29.53
29.42
29.3
29.16
28.98
28.74
28.48
28.21
27.94
27.66
27.36
27.02
26.63
26.22
25.78
25.33
24.87
24.41
23.95
23.48
23
22.5
22
21.48
20.96
20.43
19.9
19.37
18.84
18.32
17.82
17.35
16.9
16.47
16.05
15.64
15.24
14.84
14.45
14.07
13.73
13.45
13.22
13.03
12.88
12.73
12.6
12.47
12.34
12.21
12.11
12.02
11.96
11.92
11.91
11.91
11.93
11.97
12.04
12.12
12.21
12.32
12.45
12.59
12.74
12.89
13.06
13.24
13.43
13.63
13.85
14.08
14.33
14.59
14.86
15.15
15.44
15.75
16.06
16.37
16.69
17.01
17.33
17.65
17.97
18.29
18.6
18.92
19.23
19.55
19.87
20.18
20.5
20.82
21.14
21.46
21.78
22.1
22.41
22.72
23.02
23.31
23.59
23.86
24.12
24.36
24.6
24.83
25.06
25.28
25.49
25.69
25.9
26.09
26.29
26.49
26.68
26.88
27.07
27.26
27.45
27.64
27.83
28.02
28.21
28.4
28.58
28.77
28.96
29.14
29.32
29.5
29.67
29.85
30.02
30.19
30.35
30.51
30.67
30.82
30.97
31.11
31.24
31.37
31.49
31.6
31.71
31.82
31.92
32.02
32.12
32.22
32.31
32.41
32.51
32.6
32.7
32.8
32.91
33.03
33.15
33.28
33.42
33.58
33.74
33.91
34.08
34.27
34.46
34.66
34.86
35.06
35.27
35.48
35.7
35.91
36.12
36.33
36.54
36.73
36.92
37.09
37.25
37.4
37.54
37.66
37.77
37.87
37.95
38.02
38.06
38.09
38.1
38.09
38.07
38.03
37.97
37.9
37.82
37.73
37.62
37.49
37.34
37.14
36.9
36.63
36.36
36.09
35.82
35.55
35.26
34.95
34.6
34.22
33.83
33.42
33.02
32.61
32.2
31.79
31.39
30.99
30.59
30.19
29.8
29.41
29.01
28.62
28.23
27.86
27.51
27.21
26.96
26.73
26.53
26.34
26.15
25.98
25.8
25.64
25.5
25.37
25.26
25.17
25.09
25.02
24.97
24.94
24.91
24.91
24.92
24.94
24.98
25.03
25.09
25.16
25.24
25.33
25.44
25.55
25.68
25.82
25.97
26.13
26.3
26.48
26.66
26.85
27.04
27.24
27.43
27.62
27.81
27.99
28.17
28.34
28.51
28.67
28.82
28.96
29.09
29.2
29.31
29.4
29.48
29.54
29.6
29.65
29.69
29.72
29.74
29.75
29.75
29.75
29.74
29.73
29.71
29.68
29.65
29.62
29.59
29.55
29.52
29.48
29.44
29.4
29.37
29.33
29.29
29.25
29.21
29.16
29.11
29.05
28.98
28.91
28.83
28.75
28.65
28.54
28.42
28.28
28.13
27.94
27.73
27.5
27.26
27.03
26.79
26.55
26.3
26.06
25.81
25.56
25.32
25.07
24.82
24.57
24.32
24.07
23.82
23.57
23.31
23.05
22.79
22.53
22.27
22.01
21.75
21.5
21.25
21.01
20.78
20.56
20.34
20.13
19.92
19.71
19.5
19.3
19.09
18.9
18.71
18.52
18.34
18.16
17.98
17.8
17.62
17.44
17.27
17.11
16.95
16.81
16.66
16.52
16.38
16.24
16.1
15.96
15.83
15.69
15.56
15.43
15.3
15.17
15.05
14.93
14.81
14.69
14.58
14.48
14.37
14.28
14.18
14.09
14.01
13.93
13.85
13.77
13.69
13.62
13.55
13.47
13.4
13.33
13.26
13.19
13.12
13.05
12.98
12.92
12.86
12.81
12.75
12.7
12.65
12.61
12.57
12.53
12.49
12.46
12.42
12.39
12.36
12.33
12.3
12.28
12.25
12.23
12.2
12.18
12.16
12.14
12.12
12.1
12.08
12.06
12.05
12.03
12.02
12.01
12
11.99
11.99
11.98
11.98
11.97
11.97
11.97
11.97
11.97
11.97
11.97
11.97
11.97
11.97
11.97
11.98
11.98
11.98
11.98
11.98
11.99
11.99
11.99
11.99
12
12
12.01
12.03
12.05
12.07
12.09
12.12
12.16
12.2
12.24
12.28
12.33
12.38
12.43
12.49
12.54
12.6
12.65
12.71
12.77
12.83
12.89
12.96
13.03
13.11
13.19
13.27
13.36
13.45
13.55
13.64
13.74
13.84
13.94
14.05
14.15
14.26
14.36
14.47
14.58
14.69
14.8
14.92
15.04
15.17
15.3
15.43
15.57
15.71
15.86
16.01
16.18
16.35
16.53
16.73
16.94
17.15
17.38
17.61
17.85
18.09
18.34
18.58
18.83
19.08
19.33
19.58
19.83
20.07
20.31
20.56
20.8
21.04
21.28
21.53
21.78
22.02
22.27
22.52
22.78
23.04
23.3
23.57
23.85
24.13
24.41
24.7
25
25.3
25.6
25.9
26.21
26.51
26.81
27.11
27.41
27.7
27.99
28.28
28.56
28.84
29.12
29.39
29.65
29.91
30.17
30.42
30.66
30.91
31.15
31.4
31.66
31.92
32.19
32.46
32.74
33.03
33.32
33.61
33.91
34.2
34.49
34.78
35.07
35.35
35.63
35.9
36.16
36.42
36.66
36.9
37.14
37.36
37.57
37.78
37.97
38.16
38.35
38.52
38.69
38.85
39.01
39.16
39.31
39.45
39.58
39.71
39.84
39.97
40.09
40.21
40.33
40.44
40.56
40.67
40.78
40.89
41
41.1
41.21
41.32
41.43
41.55
41.67
41.79
41.91
42.04
42.18
42.32
42.46
42.61
42.76
42.92
43.08
43.25
43.43
43.6
43.79
43.97
44.16
44.36
44.56
44.76
44.96
45.17
45.38
45.59
45.8
46.01
46.22
46.44
46.65
46.86
47.07
47.28
47.48
47.69
47.89
48.09
48.28
48.47
48.66
48.85
49.03
49.21
49.38
49.55
49.72
49.88
50.04
50.2
50.35
50.49
50.64
50.77
50.91
51.04
51.17
51.29
51.41
51.52
51.64
51.74
51.85
51.95
52.05
52.14
52.23
52.32
52.41
52.49
52.57
52.64
52.71
52.78
52.83
52.89
52.94
52.98
53.03
53.07
53.11
53.14
53.18
53.21
53.24
53.28
53.31
53.34
53.37
53.41
53.44
53.47
53.5
53.53
53.56
53.6
53.63
53.66
53.69
53.72
53.75
53.78
53.82
53.85
53.89
53.92
53.96
54
54.03
54.08
54.12
54.16
54.21
54.26
54.31
54.36
54.42
54.47
54.53
54.59
54.65
54.71
54.76
54.82
54.88
54.94
54.99
55.05
55.1
55.16
55.21
55.26
55.31
55.37
55.42
55.47
55.52
55.57
55.62
55.66
55.71
55.76
55.8
55.85
55.89
55.93
55.97
56.01
56.05
56.09
56.13
56.17
56.2
56.24
56.27
56.3
56.33
56.36
56.38
56.41
56.43
56.44
56.46
56.47
56.48
56.49
56.5
56.51
56.51
56.51
56.51
56.5
56.49
56.48
56.46
56.44
56.42
56.4
56.37
56.34
56.3
56.25
56.19
56.12
56.04
55.94
55.84
55.72
55.59
55.46
55.31
55.16
54.99
54.79
54.58
54.35
54.13
53.91
53.7
53.49
53.28
53.08
52.89
52.69
52.5
52.31
52.12
51.93
51.74
51.55
51.36
51.19
51.03
50.88
50.74
50.6
50.46
50.33
50.2
50.08
49.96
49.85
49.75
49.66
49.57
49.49
49.42
49.36
49.29
49.23
49.17
49.12
49.06
49
48.95
48.89
48.83
48.76
48.7
48.62
48.54
48.45
48.36
48.25
48.14
48.02
47.9
47.76
47.62
47.46
47.28
47.06
46.82
46.57
46.32
46.06
45.8
45.53
45.27
45.01
44.74
44.48
44.21
43.94
43.67
43.39
43.12
42.85
42.58
42.32
42.06
41.82
41.58
41.35
41.13
40.91
40.7
40.5
40.29
40.08
39.86
39.63
39.4
39.16
38.92
38.68
38.44
38.19
37.95
37.71
37.47
37.23
36.98
36.74
36.5
36.26
36.02
35.78
35.54
35.3
35.07
34.83
34.6
34.37
34.13
33.9
33.66
33.42
33.17
32.9
32.63
32.35
32.06
31.76
31.46
31.15
30.84
30.52
30.19
29.85
29.5
29.15
28.79
28.43
28.06
27.69
27.32
26.95
26.6
26.25
25.91
25.58
25.26
24.94
24.62
24.31
24
23.7
23.39
23.09
22.8
22.54
22.31
22.11
21.94
21.79
21.65
21.51
21.38
21.24
21.12
21
20.89
20.78
20.69
20.61
20.54
20.48
20.42
20.36
20.31
20.26
20.21
20.15
20.1
20.04
19.98
19.91
19.84
19.77
19.69
19.61
19.52
19.43
19.33
19.23
19.13
19.02
18.91
18.81
18.7
18.6
18.5
18.4
18.31
18.22
18.14
18.06
17.99
17.92
17.87
17.82
17.78
17.74
17.71
17.69
17.68
17.67
17.66
17.66
17.66
17.65
17.65
17.64
17.63
17.62
17.61
17.59
17.56
17.53
17.49
17.44
17.37
17.28
17.18
17.07
16.93
16.78
16.59
16.38
16.16
15.96
15.77
15.61
15.46
15.32
15.19
15.06
14.93
14.81
14.69
14.6
14.53
14.48
14.46
14.46
14.49
14.54
14.61
14.71
14.83
14.98
15.14
15.33
15.53
15.75
15.98
16.22
16.47
16.73
16.99
17.26
17.54
17.83
18.12
18.42
18.73
19.03
19.33
19.64
19.94
20.24
20.54
20.83
21.12
21.4
21.69
21.96
22.23
22.5
22.77
23.03
23.29
23.54
23.79
24.04
24.29
24.54
24.79
25.04
25.29
25.56
25.82
26.1
26.38
26.66
26.96
27.26
27.57
27.89
28.21
28.54
28.88
29.22
29.56
29.91
30.26
30.62
30.98
31.35
31.71
32.08
32.45
32.82
33.19
33.56
33.93
34.3
34.66
35.03
35.38
35.73
36.08
36.41
36.74
37.06
37.37
37.68
37.98
38.27
38.54
38.8
39.05
39.29
39.52
39.73
39.93
40.13
40.32
40.5
40.68
40.86
41.03
41.21
41.38
41.56
41.74
41.93
42.11
42.29
42.48
42.66
42.84
43.01
43.18
43.35
43.52
43.69
43.85
44.01
44.16
44.31
44.47
44.62
44.77
44.91
45.06
45.2
45.34
45.48
45.6
45.71
45.81
45.9
45.98
46.04
46.09
46.13
46.16
46.17
46.18
46.18
46.16
46.13
46.1
46.05
46
45.95
45.89
45.83
45.76
45.7
45.65
45.59
45.54
45.49
45.44
45.4
45.36
45.31
45.26
45.2
45.13
45.05
44.96
44.86
44.74
44.62
44.48
44.33
44.14
43.91
43.65
43.37
43.09
42.8
42.52
42.23
41.94
41.65
41.36
41.07
40.79
40.5
40.22
39.94
39.65
39.37
39.09
38.81
38.52
38.23
37.91
37.58
37.23
36.88
36.52
36.17
35.81
35.45
35.1
34.74
34.39
34.03
33.68
33.33
32.97
32.6
32.2
31.79
31.35
30.9
30.44
29.96
29.48
28.98
28.49
27.99
27.51
27.04
26.57
26.12
25.67
25.22
24.78
24.35
23.92
23.49
23.07
22.64
22.24
21.88
21.58
21.35
21.16
21.01
20.87
20.74
20.61
20.49
20.38
20.31
20.28
20.3
20.37
20.48
20.64
20.83
21.06
21.33
21.62
21.95
22.29
22.65
23.03
23.42
23.82
24.24
24.66
25.09
25.51
25.94
26.36
26.79
27.2
27.61
28.02
28.42
28.81
29.2
29.59
29.97
30.35
30.73
31.11
31.49
31.87
32.25
32.62
33
33.37
33.73
34.09
34.45
34.81
35.15
35.5
35.84
36.18
36.51
36.85
37.18
37.5
37.83
38.15
38.48
38.8
39.13
39.45
39.77
40.1
40.42
40.74
41.07
41.4
41.72
42.05
42.38
42.7
43.03
43.36
43.69
44.02
44.35
44.68
45.01
45.34
45.67
46
46.32
46.63
46.92
47.21
47.48
47.74
47.99
48.22
48.44
48.65
48.84
49.02
49.18
49.32
49.44
49.55
49.65
49.73
49.8
49.85
49.9
49.92
49.93
49.93
49.91
49.88
49.84
49.78
49.71
49.64
49.56
49.47
49.38
49.28
49.17
49.06
48.95
48.83
48.72
48.6
48.48
48.36
48.25
48.14
48.04
47.93
47.84
47.74
47.65
47.56
47.48
47.4
47.33
47.26
47.19
47.13
47.07
47.02
46.97
46.92
46.88
46.84
46.8
46.77
46.75
46.72
46.7
46.69
46.68
46.67
46.66
46.66
46.66
46.66
46.66
46.67
46.68
46.69
46.7
46.71
46.73
46.75
46.77
46.79
46.81
46.84
46.86
46.89
46.92
46.95
46.98
47.01
47.04
47.07
47.1
47.12
47.15
47.18
47.2
47.23
47.25
47.26
47.28
47.29
47.3
47.31
47.32
47.32
47.33
47.33
47.33
47.32
47.32
47.31
47.3
47.28
47.27
47.25
47.24
47.21
47.19
47.17
47.14
47.1
47.07
47.03
46.99
46.94
46.9
46.85
46.79
46.74
46.68
46.62
46.55
46.48
46.41
46.33
46.25
46.17
46.09
46
45.91
45.82
45.73
45.63
45.53
45.44
45.33
45.23
45.12
45.01
44.9
44.78
44.65
44.52
44.39
44.25
44.11
43.97
43.82
43.67
43.51
43.35
43.19
43.03
42.87
42.71
42.56
42.41
42.26
42.12
41.98
41.84
41.71
41.58
41.46
41.35
41.23
41.12
41.02
40.93
40.84
40.76
40.68
40.61
40.55
40.49
40.43
40.38
40.34
40.3
40.26
40.23
40.2
40.18
40.16
40.14
40.12
40.1
40.09
40.07
40.05
40.03
40.01
39.99
39.96
39.94
39.91
39.88
39.84
39.81
39.77
39.72
39.68
39.64
39.59
39.54
39.49
39.44
39.38
39.33
39.27
39.21
39.15
39.08
39.02
38.95
38.88
38.81
38.73
38.66
38.57
38.49
38.4
38.3
38.21
38.11
38
37.9
37.78
37.67
37.55
37.42
37.3
37.17
37.03
36.9
36.76
36.62
36.47
36.32
36.17
36.01
35.85
35.68
35.52
35.36
35.19
35.03
34.88
34.72
34.57
34.42
34.27
34.13
33.98
33.84
33.69
33.55
33.41
33.27
33.13
32.99
32.85
32.72
32.58
32.45
32.32
32.18
32.05
31.91
31.77
31.63
31.49
31.34
31.18
31.01
30.84
30.67
30.49
30.31
30.13
29.94
29.75
29.55
29.36
29.16
28.97
28.77
28.58
28.38
28.19
27.99
27.8
27.61
27.42
27.22
27.03
26.85
26.69
26.54
26.41
26.28
26.16
26.05
25.95
25.85
25.77
25.69
25.62
25.55
25.49
25.43
25.37
25.32
25.26
25.21
25.16
25.1
25.06
25.01
24.98
24.94
24.91
24.89
24.87
24.86
24.84
24.83
24.82
24.81
24.79
24.78
24.75
24.73
24.7
24.67
24.63
24.58
24.54
24.48
24.43
24.37
24.32
24.26
24.21
24.15
24.1
24.05
24
23.96
23.92
23.89
23.86
23.84
23.82
23.81
23.8
23.8
23.79
23.79
23.79
23.79
23.78
23.77
23.76
23.75
23.74
23.72
23.7
23.68
23.66
23.64
23.61
23.58
23.55
23.52
23.48
23.45
23.41
23.36
23.29
23.18
23.05
22.9
22.67
22.4
22.11
21.8
21.49
21.17
20.86
20.55
20.23
19.92
19.62
19.31
19
18.7
18.4
18.11
17.86
17.66
17.51
17.38
17.26
17.16
17.07
16.98
16.91
16.85
16.79
16.75
16.71
16.68
16.66
16.64
16.63
16.61
16.6
16.58
16.57
16.54
16.52
16.48
16.44
16.4
16.35
16.29
16.22
16.15
16.08
16.01
15.95
15.88
15.82
15.76
15.71
15.66
15.62
15.58
15.54
15.49
15.45
15.41
15.37
15.32
15.28
15.23
15.18
15.13
15.08
15.03
14.97
14.92
14.87
14.81
14.76
14.71
14.66
14.61
14.57
14.52
14.48
14.45
14.41
14.38
14.36
14.33
14.31
14.3
14.29
14.28
14.28
14.29
14.29
14.31
14.32
14.34
14.37
14.4
14.44
14.49
14.55
14.61
14.68
14.76
14.84
14.93
15.03
15.15
15.28
15.43
15.59
15.77
15.96
16.16
16.38
16.61
16.86
17.11
17.38
17.67
17.96
18.26
18.58
18.9
19.23
19.56
19.9
20.24
20.59
20.93
21.27
21.6
21.94
22.27
22.6
22.91
23.22
23.5
23.76
24
24.22
24.42
24.59
24.75
24.89
25
25.1
25.19
25.26
25.31
25.35
25.38
25.41
25.42
25.43
25.44
25.44
25.44
25.44
25.44
25.43
25.43
25.43
25.43
25.44
25.45
25.46
25.48
25.51
25.54
25.59
25.64
25.7
25.76
25.84
25.91
25.99
26.07
26.14
26.22
26.29
26.35
26.41
26.47
26.52
26.56
26.6
26.64
26.68
26.72
26.75
26.79
26.82
26.86
26.9
26.94
26.98
27.02
27.06
27.11
27.16
27.21
27.26
27.31
27.37
27.43
27.49
27.54
27.6
27.65
27.71
27.76
27.81
27.86
27.91
27.96
28
28.04
28.07
28.11
28.13
28.16
28.18
28.2
28.21
28.22
28.23
28.24
28.24
28.24
28.24
28.23
28.22
28.21
28.2
28.19
28.18
28.16
28.15
28.13
28.12
28.1
28.09
28.08
28.06
28.05
28.03
28.02
28.01
28
27.98
27.97
27.96
27.95
27.94
27.93
27.92
27.92
27.91
27.91
27.9
27.9
27.9
27.89
27.89
27.9
27.9
27.9
27.91
27.92
27.93
27.94
27.95
27.96
27.98
27.99
28.01
28.03
28.04
28.06
28.08
28.09
28.11
28.12
28.13
28.15
28.15
28.16
28.17
28.17
28.17
28.16
28.15
28.14
28.13
28.12
28.09
28.06
28.03
27.98
27.92
27.86
27.78
27.69
27.59
27.49
27.38
27.25
27.12
26.98
26.81
26.62
26.41
26.19
25.98
25.77
25.57
25.37
25.18
24.99
24.8
24.62
24.44
24.26
24.08
23.9
23.72
23.54
23.37
23.22
23.07
22.93
22.79
22.65
22.52
22.38
22.25
22.12
22
21.88
21.77
21.67
21.57
21.48
21.39
21.31
21.23
21.16
21.09
21.03
20.98
20.93
20.88
20.84
20.8
20.76
20.73
20.71
20.68
20.66
20.65
20.64
20.63
20.63
20.62
20.62
20.63
20.63
20.64
20.65
20.66
20.67
20.68
20.69
20.71
20.72
20.74
20.76
20.78
20.81
20.84
20.86
20.9
20.93
20.97
21.01
21.05
21.1
21.15
21.21
21.27
21.34
21.41
21.49
21.58
21.66
21.76
21.86
21.96
22.07
22.19
22.31
22.44
22.57
22.71
22.85
22.98
23.12
23.25
23.38
23.5
23.62
23.73
23.84
23.95
24.04
24.13
24.21
24.28
24.35
24.4
24.45
24.49
24.52
24.55
24.57
24.58
24.58
24.57
24.55
24.52
24.48
24.42
24.37
24.3
24.22
24.14
24.05
23.94
23.81
23.67
23.47
23.22
22.94
22.65
22.36
22.07
21.77
21.45
21.13
20.79
20.45
20.11
19.76
19.41
19.07
18.73
18.39
18.05
17.71
17.37
17.04
16.7
16.37
16.04
15.73
15.42
15.13
14.84
14.55
14.27
14
13.73
13.46
13.2
12.93
12.67
12.42
12.17
11.95
11.74
11.55
11.37
11.19
11.02
10.85
10.68
10.52
10.36
10.21
10.06
9.93
9.79
9.65
9.52
9.39
9.26
9.13
9
8.88
8.77
8.66
8.55
8.46
8.36
8.27
8.18
8.09
8.01
7.93
7.85
7.77
7.69
7.62
7.54
7.47
7.39
7.31
7.23
7.15
7.06
6.97
6.87
6.78
6.68
6.58
6.48
6.38
6.28
6.18
6.07
5.97
5.86
5.75
5.62
5.49
5.36
5.23
5.09
4.97
4.84
4.7
4.57
4.44
4.32
4.19
4.06
3.93
3.8
3.66
3.53
3.39
3.25
3.12
2.98
2.84
2.7
2.56
2.42
2.28
2.14
2
1.86
1.72
1.58
1.44
1.3
1.16
1.02
0.89
0.75
0.61
0.47
0.33
0.19
0.05
0.01
0.01
0.01
0.01
0
0
0
0
0
0
0
0
0
0
0
0
0
0
0
0
0
0
0
0
0
0
0
0
0
0
0
0
0
0
0
0
0
0
0
0
0
0
0
0
0
0
0
0
0
0.01
0.02
0.02
0.03
0.05
0.09
0.14
0.21
0.3
0.4
0.52
0.64
0.78
0.93
1.09
1.25
1.43
1.62
1.82
2.02
2.24
2.46
2.69
2.92
3.17
3.42
3.68
3.94
4.22
4.49
4.78
5.07
5.36
5.66
5.96
6.27
6.57
6.87
7.18
7.46
7.74
8.01
8.28
8.55
8.82
9.11
9.4
9.7
10.02
10.35
10.69
11.05
11.42
11.8
12.19
12.59
13
13.42
13.84
14.26
14.69
15.12
15.56
16
16.44
16.89
17.34
17.79
18.24
18.69
19.13
19.57
20
20.43
20.84
21.24
21.63
22
22.37
22.73
23.07
23.4
23.7
23.98
24.24
24.48
24.7
24.9
25.09
25.25
25.4
25.53
25.64
25.73
25.8
25.86
25.9
25.92
25.94
25.94
25.93
25.91
25.87
25.83
25.77
25.7
25.63
25.55
25.46
25.37
25.28
25.19
25.09
24.99
24.88
24.76
24.64
24.5
24.36
24.21
24.05
23.87
23.69
23.51
23.33
23.15
22.97
22.79
22.62
22.45
22.27
22.11
21.95
21.79
21.63
21.48
21.33
21.19
21.04
20.9
20.75
20.61
20.47
20.32
20.17
20.03
19.88
19.73
19.58
19.43
19.28
19.13
18.97
18.81
18.65
18.49
18.32
18.16
17.99
17.82
17.66
17.49
17.32
17.15
16.98
16.81
16.64
16.47
16.3
16.13
15.97
15.81
15.66
15.51
15.38
15.24
15.11
14.98
14.85
14.73
14.61
14.5
14.39
14.3
14.21
14.13
14.06
14
13.95
13.91
13.87
13.84
13.82
13.8
13.79
13.79
13.79
13.8
13.81
13.82
13.84
13.86
13.88
13.91
13.93
13.96
13.99
14.01
14.04
14.07
14.09
14.12
14.15
14.18
14.21
14.23
14.26
14.29
14.32
14.35
14.38
14.41
14.44
14.47
14.51
14.54
14.58
14.61
14.65
14.69
14.73
14.78
14.82
14.88
14.94
15.01
15.08
15.15
15.24
15.32
15.42
15.52
15.63
15.74
15.86
15.99
16.12
16.26
16.4
16.55
16.7
16.85
17
17.15
17.31
17.46
17.61
17.76
17.9
18.05
18.19
18.32
18.45
18.56
18.67
18.76
18.85
18.93
18.99
19.05
19.1
19.14
19.17
19.19
19.2
19.2
19.19
19.17
19.14
19.11
19.07
19.02
18.97
18.91
18.84
18.76
18.67
18.57
18.46
18.34
18.21
18.09
17.95
17.82
17.69
17.55
17.43
17.3
17.18
17.06
16.94
16.84
16.73
16.64
16.55
16.47
16.41
16.34
16.29
16.24
16.2
16.17
16.15
16.13
16.12
16.12
16.12
16.13
16.15
16.17
16.19
16.23
16.26
16.31
16.36
16.42
16.48
16.55
16.62
16.7
16.78
16.88
16.98
17.09
17.22
17.35
17.5
17.66
17.82
18
18.18
18.38
18.6
18.84
19.09
19.36
19.66
19.97
20.3
20.64
21.01
21.39
21.78
22.19
22.61
23.04
23.48
23.92
24.38
24.85
25.32
25.8
26.27
26.75
27.22
27.69
28.16
28.62
29.08
29.53
29.97
30.39
30.79
31.16
31.52
31.84
32.14
32.42
32.67
32.9
33.1
33.28
33.44
33.57
33.67
33.75
33.81
33.85
33.87
33.87
33.86
33.83
33.79
33.74
33.68
33.61
33.53
33.44
33.36
33.27
33.17
33.08
32.99
32.89
32.8
32.71
32.62
32.52
32.43
32.34
32.25
32.16
32.08
31.99
31.91
31.83
31.76
31.69
31.62
31.55
31.49
31.43
31.38
31.33
31.28
31.24
31.21
31.17
31.15
31.12
31.1
31.07
31.05
31.03
31
30.98
30.95
30.92
30.89
30.85
30.81
30.76
30.7
30.64
30.56
30.47
30.38
30.27
30.16
30.04
29.9
29.76
29.59
29.39
29.17
28.93
28.68
28.43
28.18
27.93
27.68
27.43
27.17
26.89
26.59
26.26
25.92
25.56
25.19
24.83
24.45
24.08
23.7
23.3
22.88
22.44
21.98
21.51
21.04
20.55
20.06
19.56
19.06
18.55
18.04
17.53
17.01
16.49
15.97
15.45
14.93
14.41
13.89
13.37
12.85
12.33
11.81
11.29
10.77
10.25
9.73
9.22
8.71
8.22
7.75
7.31
6.89
6.49
6.11
5.74
5.37
4.99
4.62
4.25
3.91
3.59
3.3
3.03
2.77
2.51
2.26
2.02
1.78
1.54
1.3
1.06
0.83
0.59
0.35
0.11
0.01
0.02
0.02
0.01
0
0
0
0
0
0
0
0
0
0
0
0
0
0
0
0
0
0
0
0
0
0
0
0
0
0
0
0
0
0
0
0
0
0
0
0
0
0
0
0
0
0
0
0
0
0
0
0
0
0
0
0
0
0
0
0
0
0
0
0
0
0
0
0
0
0
0
0
0
0
0
0
0
0
0
0
0
0
0
0
0
0
0
0
0
0
0
0
0
0
0
0
0
0
0
0
0
0
0
0
0
0
0
0
0
0
0
0
0
0
0
0
0
0
0
0
0
0
0
0
0
0
0
0
0
0
0
0
0
0
0
0
0
0
0
0
0
0
0
0
0
0
0
0
0
0
0
0
0
0
0
0
0
0
0
0
0
0
0
0
0
0
0
0
0
0
0
0
0
0
0
0
0
0
0
0
0
0
0
0
0
0
0
0
0
0
0
0
0
0
0
0
0
0
0
0
0
0
0
0
0
0
0
0
0
0
0
0
0
0
0
0
0
0
0
0
0
0
0
0
0
0
0
0
0
0
0
0
0
0
0
0
0
0
0
0
0
0
0
0
0
0
0
0
0
0
0
0
0
0
0
0
0
0
0
0
0
0
0
0
0
0
0
0
0
0
0
0
0
0
0
0
0
0
0
0
0
0
0
0
0
0
0
0
0
0
0
0
0
0
0
0
0
0
0
0
0
0
0
0
0
0
0
0
0
0
0
0
0
0
0
0
0
0
0
0
0
0
0
0
0
0
0
0
0
0
0
0
0
0
0
0
0
0
0
0
0
0
0
0
0
0
0
0
0
0
0
0
0
0
0
0
0
0
0
0
0
0
0
0
0
0
0
0
0
0
0
0
0
0
0
0
0
0
0
0
0
0
0
0
0
0
0
0
0
0
0
0
0
0
0
0
0
0
0
0
0
0
0
0
0
0
0
0
0
0
0
0
0
0
0
0
0
0
0
0
0
0
0
0
0
0
0
0
0
0
0
0
0
0
0
0
0
0
0
0
0
0
0
0
0
0
0
0
0
0
0
0
0
0
0
0
0
0
0
0
0
0
0
0
0
0
0
0
0
0
0
0
0
0
0
0
0
0
0
0
0
0
0
0
0
0
0
0
0
0
0
0
0
0
0
0
0
0
0
0
0
0
0
0
0
0
0
0
0
0
0
0
0
0
0
0
0
0
0
0
0
0
0
0
0
0
0
0
0
0
0
0
0
0
0
0
0
0
0
0
0
0
0
0
0
0
0
0
0
0
0
0
0
0
0
0
0
0
0
0
0
0
0
0
0
0
0
0
0
0
0
0
0
0
0
0
0
0
0
0
0
0
0
0
0
0
0
0
0
0
0
0
0
0
0
0
0
0
0
0
0
0
0
0
0
0
0
0
0
0
0
0
0
0
0
0
0
0
0
0
0
0
0
0
0
0
0
0
0
0
0
0
0
0
0
0
0
0
0
0
0
0
0
0
0
0
0
0
0
0
0
0
0
0
0
0
0
0
0
0
0
0
0
0
0
0
0
0
0
0
0
0
0.01
0.02
0.04
0.07
0.13
0.22
0.33
0.46
0.61
0.77
0.96
1.16
1.38
1.62
1.87
2.14
2.42
2.71
3.01
3.33
3.66
4
4.34
4.7
5.07
5.44
5.82
6.2
6.58
6.96
7.35
7.73
8.11
8.48
8.86
9.24
9.61
9.99
10.37
10.76
11.15
11.56
11.98
12.4
12.84
13.29
13.75
14.22
14.69
15.17
15.64
16.1
16.57
17.02
17.46
17.9
18.32
18.73
19.13
19.51
19.86
20.18
20.48
20.76
21
21.23
21.43
21.61
21.76
21.9
22.01
22.1
22.17
22.22
22.26
22.28
22.29
22.28
22.27
22.24
22.19
22.14
22.08
22.01
21.94
21.86
21.78
21.69
21.61
21.53
21.44
21.36
21.27
21.19
21.1
21
20.91
20.82
20.72
20.62
20.52
20.42
20.31
20.21
20.1
19.99
19.88
19.77
19.66
19.54
19.43
19.31
19.18
19.06
18.93
18.8
18.67
18.53
18.39
18.24
18.07
17.88
17.68
17.47
17.26
17.04
16.82
16.6
16.37
16.12
15.85
15.57
15.28
14.98
14.66
14.34
14
13.65
13.3
12.95
12.58
12.21
11.81
11.41
10.99
10.57
10.14
9.71
9.28
8.85
8.42
8.01
7.61
7.22
6.84
6.49
6.14
5.8
5.45
5.11
4.76
4.43
4.13
3.85
3.61
3.38
3.17
2.96
2.77
2.57
2.38
2.2
2.05
1.91
1.79
1.66
1.53
1.41
1.28
1.15
1.03
0.9
0.77
0.65
0.52
0.39
0.27
0.14
0.03
0
0
0.01
0
0
0
0
0
0
0
0
0
0
0
0
0
0
0
0
0
0
0
0
0
0.01
0.02
0.02
0.03
0.05
0.09
0.14
0.2
0.28
0.37
0.47
0.59
0.71
0.83
0.97
1.11
1.25
1.41
1.56
1.73
1.9
2.08
2.26
2.44
2.64
2.84
3.04
3.25
3.47
3.7
3.93
4.18
4.43
4.69
4.96
5.24
5.52
5.81
6.11
6.4
6.69
6.99
7.28
7.56
7.86
8.15
8.45
8.76
9.08
9.42
9.76
10.12
10.49
10.88
11.28
11.7
12.14
12.58
13.04
13.5
13.97
14.46
14.95
15.46
15.97
16.49
17.01
17.53
18.05
18.56
19.07
19.57
20.06
20.54
21.02
21.47
21.9
22.31
22.68
23.02
23.33
23.61
23.86
24.08
24.28
24.45
24.59
24.7
24.79
24.86
24.91
24.94
24.95
24.96
24.94
24.92
24.88
24.83
24.78
24.72
24.65
24.59
24.53
24.47
24.42
24.37
24.32
24.28
24.23
24.19
24.14
24.09
24.04
23.99
23.94
23.88
23.81
23.74
23.66
23.58
23.48
23.38
23.28
23.17
23.05
22.92
22.79
22.64
22.47
22.28
22.07
21.85
21.63
21.41
21.19
20.97
20.76
20.56
20.36
20.18
20
19.82
19.65
19.48
19.31
19.14
18.99
18.83
18.68
18.54
18.4
18.26
18.12
17.98
17.84
17.71
17.58
17.45
17.33
17.21
17.09
16.98
16.88
16.77
16.67
16.58
16.49
16.4
16.31
16.22
16.13
16.05
15.97
15.88
15.8
15.72
15.64
15.56
15.48
15.4
15.32
15.24
15.17
15.1
15.02
14.95
14.89
14.82
14.76
14.7
14.64
14.59
14.54
14.49
14.45
14.4
14.36
14.32
14.27
14.23
14.18
14.14
14.09
14.04
13.99
13.94
13.89
13.84
13.79
13.74
13.69
13.64
13.59
13.54
13.5
13.45
13.41
13.37
13.33
13.3
13.26
13.23
13.21
13.18
13.16
13.14
13.12
13.1
13.09
13.08
13.07
13.06
13.06
13.06
13.05
13.06
13.06
13.06
13.07
13.08
13.09
13.11
13.12
13.14
13.16
13.18
13.21
13.23
13.26
13.3
13.33
13.37
13.41
13.46
13.5
13.55
13.61
13.66
13.72
13.78
13.84
13.9
13.97
14.04
14.11
14.19
14.27
14.36
14.47
14.58
14.71
14.85
15.01
15.17
15.34
15.52
15.69
15.86
16.03
16.19
16.34
16.48
16.61
16.72
16.83
16.92
17
17.06
17.12
17.16
17.19
17.22
17.23
17.24
17.25
17.25
17.25
17.25
17.24
17.23
17.22
17.2
17.18
17.17
17.15
17.12
17.09
17.05
17
16.94
16.86
16.77
16.66
16.54
16.41
16.25
16.06
15.83
15.54
15.17
14.75
14.28
13.78
13.26
12.73
12.2
11.67
11.13
10.6
10.07
9.53
9
8.47
7.94
7.41
6.89
6.39
5.9
5.42
4.94
4.46
3.96
3.46
2.98
2.53
2.14
1.8
1.5
1.19
0.89
0.58
0.27
0.02
0.02
0.03
0.02
0.01
0
0
0
0
0
0
0
0
0
0
0
0
0
0
0
0
0
0
0
0
0
0
0
0
0
0
0
0
0
0
0
0
0
0
0
0
0
0
0
0
0
0
0
0
0
0
0
0
0
0
0
0
0
0
0
0
0
0
0
0
0
0
0
0
0
0
0
0
0
0
0
0
0
0
0
0
0
0
0
0
0
0
0
0
0
0
0
0
0
0
0
0
0
0
0
0
0
0
0
0
0
0
0
0
0
0
0
0
0
0
0
0
0
0
0
0
0
0
0
0
0
0
0
0
0
0
0
0
0
0
0
0
0
0
0
0
0
0
0
0
0
0
0
0
0
0
0
0
0
0
0
0
0
0
0
0
0
0
0
0
0
0
0
0
0
0
0
0
0
0
0
0
0
0
0
0
0
0
0
0
0
0
0
0
0
0
0
0
0
0
0
0
0
0
0
0
0
0
0
0
0
0
0
0
0
0
0
0
0
0
0
0
0
0
0
0
0
0
0
0
0
0
0
0
0
0
0
0
0
0
0
0
0
0
0
0
0
0
0
0
0
0
0
0
0
0
0
0
0
0
0
0
0
0
0
0
0
0
0
0
0
0
0
0
0
0
0
0
0
0
0
0
0
0
0
0
0
0
0
0
0
0
0
0
0
0
0
0
0
0
0
0
0
0
0
0
0
0
0
0
0
0
0
0
0
0
0
0
0
0
0
0
0
0
0
0
0
0
0
0
0.01
0.02
0.02
0.04
0.07
0.12
0.19
0.27
0.38
0.49
0.63
0.77
0.94
1.11
1.3
1.5
1.71
1.93
2.17
2.41
2.67
2.94
3.21
3.5
3.8
4.11
4.42
4.75
5.09
5.43
5.78
6.13
6.48
6.84
7.19
7.54
7.89
8.24
8.6
8.96
9.33
9.71
10.09
10.49
10.9
11.32
11.75
12.19
12.64
13.1
13.57
14.06
14.55
15.04
15.55
16.07
16.59
17.11
17.65
18.19
18.73
19.28
19.83
20.39
20.94
21.51
22.07
22.64
23.2
23.77
24.33
24.89
25.44
25.99
26.53
27.06
27.59
28.11
28.62
29.13
29.63
30.11
30.59
31.06
31.52
31.97
32.41
32.85
33.28
33.7
34.12
34.53
34.94
35.35
35.75
36.15
36.54
36.93
37.33
37.72
38.11
38.5
38.9
39.29
39.69
40.08
40.48
40.88
41.28
41.68
42.08
42.47
42.86
43.24
43.62
44
44.37
44.73
45.09
45.43
45.76
46.08
46.37
46.65
46.92
47.17
47.4
47.62
47.82
48.01
48.17
48.32
48.45
48.55
48.65
48.72
48.78
48.83
48.87
48.89
48.91
48.91
48.9
48.88
48.86
48.82
48.79
48.74
48.7
48.65
48.61
48.57
48.53
48.49
48.46
48.43
48.41
48.39
48.37
48.36
48.35
48.34
48.33
48.32
48.31
48.3
48.28
48.27
48.26
48.25
48.23
48.21
48.19
48.16
48.13
48.1
48.07
48.04
48
47.96
47.91
47.87
47.81
47.76
47.69
47.62
47.55
47.47
47.39
47.31
47.22
47.13
47.03
46.93
46.83
46.72
46.62
46.51
46.4
46.28
46.17
46.06
45.95
45.83
45.72
45.61
45.5
45.4
45.29
45.19
45.09
45
44.92
44.84
44.76
44.69
44.62
44.56
44.51
44.46
44.42
44.38
44.34
44.32
44.29
44.28
44.26
44.25
44.24
44.24
44.24
44.25
44.25
44.26
44.28
44.3
44.32
44.34
44.36
44.39
44.42
44.45
44.49
44.54
44.58
44.63
44.69
44.74
44.8
44.86
44.92
44.98
45.05
45.11
45.18
45.25
45.31
45.38
45.44
45.5
45.56
45.62
45.68
45.73
45.77
45.82
45.86
45.9
45.93
45.96
45.99
46.01
46.03
46.04
46.05
46.06
46.07
46.07
46.08
46.08
46.08
46.08
46.07
46.07
46.07
46.07
46.06
46.06
46.06
46.06
46.06
46.06
46.06
46.06
46.06
46.06
46.07
46.07
46.08
46.09
46.1
46.12
46.14
46.17
46.21
46.24
46.29
46.34
46.39
46.45
46.51
46.58
46.66
46.74
46.83
46.92
47.01
47.11
47.21
47.32
47.43
47.54
47.65
47.77
47.89
48.01
48.13
48.26
48.38
48.51
48.64
48.77
48.9
49.03
49.17
49.31
49.44
49.58
49.72
49.86
50
50.14
50.28
50.42
50.56
50.69
50.83
50.96
51.1
51.23
51.36
51.48
51.6
51.72
51.83
51.95
52.05
52.16
52.26
52.36
52.45
52.53
52.61
52.68
52.75
52.81
52.86
52.91
52.95
52.99
53.02
53.04
53.07
53.08
53.09
53.1
53.11
53.11
53.11
53.1
53.09
53.09
53.08
53.06
53.05
53.04
53.02
53.01
52.99
52.97
52.95
52.94
52.92
52.9
52.88
52.86
52.84
52.82
52.8
52.78
52.76
52.74
52.73
52.71
52.7
52.68
52.67
52.66
52.65
52.64
52.64
52.65
52.65
52.67
52.69
52.71
52.74
52.78
52.82
52.87
52.93
53
53.07
53.16
53.25
53.35
53.45
53.57
53.68
53.8
53.92
54.04
54.16
54.28
54.4
54.51
54.63
54.74
54.84
54.94
55.03
55.12
55.2
55.27
55.33
55.38
55.43
55.48
55.51
55.55
55.58
55.61
55.63
55.66
55.68
55.71
55.73
55.76
55.78
55.81
55.84
55.87
55.9
55.94
55.97
56.01
56.04
56.08
56.12
56.16
56.2
56.24
56.28
56.32
56.37
56.41
56.45
56.49
56.53
56.57
56.61
56.65
56.69
56.72
56.75
56.78
56.81
56.83
56.85
56.87
56.89
56.9
56.91
56.92
56.92
56.92
56.91
56.91
56.9
56.88
56.86
56.83
56.8
56.75
56.7
56.65
56.58
56.51
56.43
56.35
56.25
56.15
56.04
55.91
55.77
55.62
55.45
55.25
55.04
54.83
54.61
54.4
54.18
53.97
53.76
53.55
53.34
53.13
52.92
52.71
52.5
52.29
52.09
51.88
51.68
51.48
51.28
51.08
50.88
50.68
50.47
50.25
50.01
49.76
49.49
49.21
48.92
48.63
48.34
48.05
47.75
47.43
47.08
46.72
46.33
45.94
45.55
45.15
44.76
44.36
43.96
43.56
43.16
42.76
42.36
41.96
41.56
41.16
40.77
40.38
39.99
39.62
39.28
38.95
38.65
38.36
38.08
37.81
37.54
37.27
37.01
36.75
36.5
36.27
36.04
35.81
35.59
35.37
35.15
34.93
34.71
34.46
34.2
33.91
33.6
33.28
32.96
32.63
32.3
31.96
31.61
31.22
30.79
30.34
29.87
29.39
28.9
28.4
27.9
27.4
26.89
26.38
25.86
25.35
24.83
24.31
23.78
23.26
22.74
22.21
21.68
21.16
20.63
20.1
19.57
19.05
18.52
17.99
17.46
16.94
16.44
15.97
15.57
15.23
14.93
14.67
14.42
14.19
13.96
13.74
13.52
13.33
13.15
13
12.87
12.74
12.61
12.49
12.37
12.26
12.15
12.06
11.99
11.94
11.91
11.9
11.9
11.93
11.96
12.02
12.09
12.18
12.28
12.4
12.53
12.67
12.82
12.98
13.16
13.36
13.59
13.85
14.14
14.47
14.82
15.21
15.62
16.06
16.52
16.99
17.48
17.98
18.47
18.98
19.48
19.97
20.47
20.96
21.44
21.92
22.4
22.88
23.35
23.82
24.29
24.76
25.23
25.7
26.17
26.63
27.09
27.54
27.99
28.43
28.86
29.29
29.71
30.13
30.53
30.92
31.29
31.64
31.97
32.28
32.57
32.84
33.1
33.33
33.56
33.77
33.97
34.16
34.34
34.52
34.69
34.86
35.03
35.2
35.37
35.54
35.71
35.88
36.06
36.24
36.42
36.61
36.8
36.99
37.18
37.37
37.57
37.77
37.97
38.17
38.38
38.58
38.78
38.99
39.18
39.37
39.55
39.71
39.86
40
40.11
40.21
40.3
40.37
40.43
40.48
40.51
40.54
40.56
40.57
40.58
40.58
40.58
40.58
40.57
40.55
40.53
40.49
40.44
40.37
40.29
40.2
40.09
39.96
39.82
39.67
39.48
39.25
38.97
38.66
38.34
38.01
37.68
37.34
37
36.67
36.33
35.98
35.62
35.25
34.88
34.49
34.1
33.72
33.32
32.93
32.54
32.13
31.7
31.26
30.8
30.34
29.87
29.41
28.94
28.47
28.02
27.56
27.11
26.67
26.23
25.79
25.35
24.92
24.48
24.05
23.64
23.27
22.95
22.68
22.45
22.25
22.07
21.9
21.73
21.57
21.4
21.23
21.04
20.84
20.63
20.42
20.2
19.98
19.76
19.54
19.34
19.16
19.03
18.92
18.83
18.75
18.69
18.65
18.63
18.63
18.66
18.72
18.81
18.93
19.07
19.24
19.43
19.64
19.87
20.12
20.38
20.65
20.93
21.21
21.51
21.8
22.1
22.4
22.7
22.99
23.27
23.55
23.82
24.08
24.33
24.58
24.81
25.04
25.26
25.47
25.69
25.9
26.12
26.33
26.55
26.76
26.99
27.21
27.43
27.66
27.88
28.11
28.33
28.55
28.76
28.97
29.18
29.39
29.58
29.77
29.95
30.11
30.26
30.4
30.52
30.63
30.73
30.81
30.89
30.95
31.01
31.05
31.09
31.11
31.14
31.15
31.16
31.17
31.18
31.19
31.2
31.22
31.23
31.26
31.29
31.32
31.36
31.41
31.46
31.52
31.58
31.65
31.73
31.81
31.89
31.98
32.07
32.16
32.25
32.35
32.44
32.53
32.61
32.7
32.78
32.85
32.92
32.99
33.04
33.09
33.13
33.15
33.16
33.16
33.14
33.11
33.06
33
32.93
32.84
32.74
32.6
32.42
32.13
31.76
31.35
30.92
30.49
30.05
29.6
29.17
28.77
28.4
28.08
27.78
27.51
27.25
27
26.75
26.51
26.26
26.01
25.75
25.49
25.23
24.96
24.69
24.42
24.15
23.88
23.62
23.38
23.17
22.99
22.83
22.69
22.55
22.41
22.28
22.14
22.02
21.9
21.78
21.68
21.58
21.5
21.42
21.35
21.29
21.23
21.18
21.13
21.1
21.07
21.04
21.02
21
20.98
20.97
20.96
20.95
20.95
20.94
20.94
20.94
20.94
20.94
20.94
20.94
20.94
20.95
20.95
20.95
20.95
20.94
20.94
20.94
20.93
20.93
20.91
20.9
20.87
20.84
20.79
20.74
20.68
20.61
20.53
20.44
20.34
20.23
20.11
19.97
19.82
19.63
19.41
19.19
18.96
18.73
18.51
18.29
18.06
17.82
17.57
17.3
17.03
16.76
16.48
16.2
15.92
15.64
15.37
15.11
14.86
14.62
14.38
14.15
13.92
13.69
13.46
13.24
13.05
12.88
12.75
12.62
12.5
12.39
12.29
12.2
12.12
12.05
12.01
11.99
12
12.03
12.08
12.15
12.23
12.35
12.49
12.66
12.86
13.09
13.36
13.64
13.95
14.28
14.63
15
15.37
15.76
16.16
16.57
17
17.43
17.87
18.32
18.77
19.21
19.63
20.03
20.4
20.73
21.03
21.3
21.53
21.73
21.9
22.03
22.13
22.2
22.23
22.24
22.21
22.16
22.09
22
21.9
21.78
21.66
21.53
21.39
21.21
20.97
20.71
20.43
20.15
19.86
19.58
19.3
19.01
18.69
18.33
17.94
17.52
17.08
16.62
16.17
15.71
15.25
14.8
14.4
14.05
13.76
13.51
13.29
13.09
12.9
12.71
12.53
12.36
12.21
12.09
11.99
11.9
11.83
11.78
11.74
11.72
11.72
11.73
11.76
11.8
11.86
11.94
12.02
12.12
12.22
12.34
12.48
12.63
12.8
12.99
13.21
13.43
13.68
13.94
14.22
14.5
14.8
15.1
15.4
15.7
16.01
16.31
16.61
16.9
17.19
17.48
17.76
18.03
18.29
18.54
18.79
19.03
19.26
19.48
19.7
19.92
20.12
20.33
20.53
20.72
20.91
21.1
21.29
21.47
21.65
21.83
22.01
22.18
22.35
22.52
22.69
22.85
23.01
23.16
23.32
23.48
23.64
23.8
23.97
24.16
24.35
24.55
24.76
24.98
25.21
25.45
25.7
25.97
26.24
26.52
26.82
27.13
27.44
27.76
28.09
28.43
28.78
29.15
29.53
29.93
30.35
30.78
31.22
31.68
32.14
32.61
33.08
33.54
34
34.44
34.87
35.29
35.69
36.07
36.44
36.79
37.13
37.45
37.75
38.04
38.31
38.57
38.82
39.07
39.3
39.52
39.73
39.94
40.13
40.31
40.48
40.64
40.8
40.95
41.09
41.22
41.35
41.46
41.56
41.65
41.72
41.79
41.85
41.9
41.94
41.97
42
42.02
42.03
42.04
42.05
42.05
42.06
42.05
42.05
42.05
42.05
42.05
42.05
42.05
42.05
42.06
42.06
42.07
42.09
42.1
42.11
42.13
42.15
42.17
42.19
42.21
42.23
42.25
42.28
42.3
42.32
42.35
42.37
42.4
42.43
42.45
42.48
42.51
42.54
42.57
42.6
42.63
42.67
42.7
42.74
42.77
42.81
42.85
42.89
42.93
42.97
43.01
43.06
43.11
43.16
43.21
43.26
43.32
43.37
43.43
43.49
43.54
43.6
43.65
43.7
43.75
43.79
43.83
43.87
43.91
43.95
43.98
44
44.03
44.05
44.07
44.08
44.1
44.11
44.12
44.14
44.17
44.2
44.24
44.29
44.35
44.42
44.5
44.59
44.69
44.79
44.9
45.01
45.13
45.26
45.38
45.51
45.63
45.76
45.89
46.01
46.13
46.25
46.36
46.47
46.57
46.68
46.77
46.86
46.95
47.03
47.1
47.16
47.22
47.27
47.31
47.34
47.37
47.39
47.4
47.41
47.42
47.42
47.42
47.42
47.42
47.42
47.42
47.41
47.41
47.41
47.41
47.4
47.4
47.4
47.4
47.4
47.4
47.4
47.41
47.41
47.41
47.42
47.42
47.43
47.43
47.44
47.45
47.46
47.47
47.48
47.49
47.51
47.53
47.55
47.58
47.61
47.64
47.67
47.71
47.75
47.79
47.84
47.89
47.94
48
48.06
48.12
48.19
48.26
48.33
48.41
48.48
48.56
48.64
48.72
48.8
48.89
48.97
49.05
49.13
49.21
49.29
49.36
49.42
49.49
49.55
49.6
49.65
49.7
49.74
49.78
49.81
49.83
49.85
49.87
49.88
49.88
49.89
49.89
49.89
49.89
49.88
49.87
49.86
49.85
49.84
49.82
49.81
49.79
49.77
49.75
49.72
49.7
49.67
49.64
49.6
49.57
49.53
49.49
49.45
49.41
49.36
49.31
49.25
49.19
49.12
49.05
48.97
48.89
48.81
48.72
48.63
48.54
48.45
48.36
48.27
48.17
48.08
47.98
47.89
47.79
47.68
47.57
47.46
47.35
47.23
47.11
46.99
46.86
46.72
46.57
46.4
46.2
45.98
45.73
45.48
45.23
44.97
44.71
44.44
44.15
43.83
43.47
43.08
42.68
42.26
41.84
41.4
40.95
40.49
40.02
39.54
39.06
38.57
38.07
37.57
37.07
36.57
36.06
35.56
35.05
34.54
34.04
33.53
33.02
32.51
32
31.49
30.98
30.46
29.94
29.42
28.9
28.38
27.85
27.33
26.8
26.28
25.75
25.22
24.69
24.16
23.64
23.11
22.58
22.05
21.52
21.01
20.5
20.02
19.54
19.07
18.61
18.16
17.72
17.28
16.84
16.41
15.98
15.55
15.14
14.75
14.41
14.1
13.83
13.57
13.33
13.1
12.87
12.65
12.44
12.29
12.18
12.09
12.03
12
11.99
12.01
12.06
12.13
12.25
12.39
12.57
12.78
13.02
13.28
13.57
13.87
14.19
14.53
14.88
15.23
15.59
15.96
16.32
16.69
17.05
17.41
17.77
18.12
18.47
18.82
19.16
19.5
19.84
20.18
20.51
20.84
21.17
21.5
21.82
22.14
22.47
22.79
23.11
23.43
23.74
24.06
24.38
24.71
25.05
25.4
25.76
26.14
26.53
26.94
27.36
27.79
28.23
28.68
29.15
29.62
30.1
30.59
31.08
31.58
32.09
32.6
33.12
33.63
34.15
34.66
35.17
35.68
36.19
36.68
37.18
37.66
38.15
38.62
39.1
39.56
40.03
40.49
40.95
41.41
41.86
42.32
42.76
43.2
43.63
44.04
44.44
44.83
45.2
45.56
45.9
46.23
46.56
46.87
47.19
47.49
47.8
48.1
48.4
48.71
49.01
49.32
49.63
49.94
50.26
50.57
50.89
51.21
51.53
51.85
52.17
52.5
52.81
53.13
53.44
53.74
54.03
54.31
54.58
54.85
55.1
55.34
55.58
55.81
56.03
56.24
56.44
56.64
56.82
57.01
57.19
57.36
57.53
57.7
57.87
58.03
58.2
58.36
58.52
58.68
58.84
59
59.16
59.32
59.48
59.63
59.79
59.93
60.08
60.22
60.36
60.5
60.63
60.76
60.89
61.01
61.13
61.25
61.36
61.47
61.57
61.68
61.77
61.87
61.96
62.05
62.14
62.22
62.3
62.37
62.45
62.52
62.59
62.65
62.72
62.78
62.84
62.89
62.95
63
63.05
63.1
63.15
63.19
63.24
63.28
63.32
63.35
63.39
63.42
63.46
63.49
63.52
63.55
63.58
63.61
63.64
63.67
63.7
63.74
63.77
63.8
63.84
63.88
63.92
63.97
64.01
64.07
64.12
64.18
64.24
64.3
64.37
64.44
64.5
64.57
64.64
64.7
64.76
64.83
64.89
64.95
65.01
65.06
65.11
65.15
65.19
65.23
65.26
65.29
65.31
65.33
65.34
65.35
65.36
65.37
65.37
65.38
65.38
65.38
65.38
65.38
65.38
65.37
65.37
65.37
65.37
65.37
65.38
65.38
65.38
65.39
65.39
65.4
65.41
65.42
65.44
65.45
65.47
65.49
65.51
65.54
65.56
65.59
65.61
65.64
65.67
65.7
65.73
65.76
65.79
65.82
65.84
65.86
65.88
65.9
65.9
65.91
65.9
65.9
65.88
65.86
65.84
65.8
65.76
65.7
65.62
65.51
65.39
65.24
65.07
64.85
64.59
64.31
64.03
63.73
63.4
63.06
62.7
62.33
61.95
61.57
61.19
60.81
60.42
60.01
59.57
59.1
58.61
58.12
57.61
57.1
56.59
56.07
55.55
55.03
54.51
53.98
53.46
52.93
52.41
51.89
51.39
50.89
50.4
49.92
49.44
48.97
48.51
48.05
47.59
47.13
46.68
46.23
45.8
45.39
45.01
44.68
44.37
44.09
43.81
43.55
43.29
43.04
42.79
42.57
42.39
42.24
42.1
41.97
41.85
41.74
41.64
41.54
41.45
41.38
41.32
41.27
41.22
41.19
41.17
41.15
41.15
41.15
41.16
41.19
41.22
41.27
41.32
41.38
41.45
41.53
41.62
41.72
41.84
41.97
42.13
42.3
42.49
42.69
42.91
43.14
43.39
43.66
43.94
44.24
44.55
44.88
45.22
45.57
45.94
46.31
46.68
47.06
47.44
47.81
48.18
48.55
48.91
49.26
49.61
49.94
50.27
50.58
50.87
51.14
51.4
51.63
51.84
52.04
52.21
52.37
52.52
52.65
52.75
52.85
52.93
52.99
53.04
53.08
53.11
53.14
53.15
53.15
53.15
53.13
53.11
53.08
53.03
52.99
52.93
52.87
52.81
52.74
52.67
52.6
52.51
52.42
52.33
52.22
52.11
52
51.88
51.75
51.62
51.49
51.35
51.2
51.05
50.9
50.74
50.57
50.39
50.2
50.01
49.81
49.6
49.39
49.17
48.95
48.73
48.5
48.27
48.02
47.74
47.43
47.11
46.78
46.44
46.1
45.75
45.4
45.04
44.68
44.3
43.93
43.55
43.17
42.78
42.39
42
41.61
41.21
40.81
40.41
40
39.59
39.18
38.77
38.36
37.94
37.53
37.11
36.68
36.26
35.83
35.4
34.97
34.54
34.1
33.67
33.23
32.78
32.33
31.88
31.42
30.95
30.49
30.02
29.55
29.08
28.62
28.15
27.69
27.23
26.78
26.32
25.87
25.42
24.98
24.53
24.09
23.66
23.23
22.81
22.39
21.98
21.57
21.16
20.76
20.36
19.96
19.56
19.16
18.78
18.45
18.18
17.97
17.8
17.67
17.54
17.42
17.3
17.2
17.1
17.03
16.98
16.96
16.96
16.98
17.03
17.1
17.19
17.31
17.45
17.63
17.84
18.07
18.32
18.6
18.89
19.19
19.51
19.84
20.18
20.53
20.89
21.26
21.64
22.03
22.42
22.81
23.2
23.59
23.97
24.35
24.72
25.08
25.44
25.79
26.13
26.46
26.79
27.11
27.43
27.73
28.04
28.33
28.63
28.92
29.2
29.49
29.76
30.04
30.31
30.57
30.83
31.08
31.32
31.56
31.79
32.02
32.24
32.46
32.68
32.89
33.11
33.31
33.52
33.72
33.93
34.13
34.33
34.53
34.74
34.94
35.14
35.33
35.53
35.73
35.93
36.13
36.33
36.52
36.72
36.91
37.11
37.3
37.49
37.67
37.86
38.04
38.23
38.42
38.61
38.8
39.01
39.21
39.43
39.65
39.87
40.1
40.34
40.58
40.83
41.08
41.33
41.59
41.85
42.11
42.38
42.64
42.91
43.18
43.44
43.7
43.96
44.22
44.47
44.72
44.96
45.2
45.44
45.67
45.89
46.1
46.3
46.49
46.67
46.85
47.01
47.17
47.31
47.45
47.57
47.69
47.79
47.88
47.96
48.03
48.09
48.15
48.2
48.24
48.28
48.32
48.36
48.39
48.42
48.46
48.49
48.52
48.56
48.59
48.63
48.67
48.72
48.76
48.81
48.86
48.91
48.97
49.02
49.08
49.14
49.2
49.26
49.31
49.37
49.43
49.49
49.54
49.6
49.65
49.71
49.76
49.81
49.85
49.9
49.94
49.99
50.03
50.07
50.12
50.16
50.21
50.25
50.3
50.36
50.41
50.47
50.53
50.59
50.66
50.73
50.8
50.88
50.96
51.04
51.13
51.21
51.3
51.39
51.48
51.57
51.66
51.75
51.83
51.92
52
52.08
52.16
52.24
52.32
52.4
52.47
52.55
52.62
52.7
52.77
52.85
52.92
53
53.08
53.16
53.25
53.34
53.43
53.53
53.64
53.74
53.85
53.97
54.08
54.2
54.32
54.44
54.57
54.69
54.82
54.94
55.07
55.19
55.32
55.44
55.55
55.67
55.77
55.88
55.98
56.07
56.16
56.25
56.33
56.41
56.47
56.54
56.59
56.64
56.69
56.73
56.76
56.79
56.82
56.84
56.86
56.88
56.9
56.92
56.93
56.94
56.96
56.97
56.98
57
57.01
57.02
57.04
57.05
57.07
57.08
57.1
57.12
57.14
57.16
57.19
57.22
57.25
57.28
57.32
57.36
57.41
57.46
57.51
57.57
57.63
57.7
57.77
57.85
57.94
58.02
58.12
58.22
58.32
58.43
58.54
58.66
58.79
58.91
59.05
59.18
59.32
59.46
59.6
59.74
59.88
60.01
60.14
60.27
60.39
60.52
60.63
60.74
60.85
60.95
61.05
61.14
61.22
61.3
61.37
61.44
61.51
61.57
61.63
61.68
61.74
61.79
61.84
61.89
61.94
61.99
62.04
62.1
62.15
62.2
62.25
62.31
62.36
62.42
62.48
62.53
62.59
62.65
62.71
62.77
62.82
62.87
62.93
62.98
63.03
63.08
63.12
63.16
63.21
63.24
63.28
63.31
63.33
63.36
63.38
63.39
63.41
63.42
63.43
63.44
63.45
63.46
63.46
63.47
63.48
63.48
63.49
63.5
63.52
63.54
63.57
63.6
63.64
63.7
63.76
63.83
63.9
63.98
64.08
64.18
64.28
64.39
64.51
64.64
64.77
64.9
65.03
65.17
65.31
65.44
65.58
65.71
65.84
65.97
66.09
66.21
66.33
66.44
66.55
66.65
66.74
66.83
66.92
66.99
67.07
67.14
67.2
67.27
67.34
67.4
67.48
67.56
67.64
67.73
67.83
67.94
68.05
68.17
68.31
68.45
68.6
68.77
68.95
69.14
69.34
69.55
69.77
69.99
70.21
70.43
70.64
70.85
71.05
71.24
71.43
71.6
71.76
71.92
72.06
72.19
72.3
72.41
72.5
72.58
72.65
72.71
72.77
72.82
72.86
72.9
72.94
72.98
73.01
73.05
73.09
73.12
73.16
73.21
73.26
73.31
73.37
73.44
73.52
73.6
73.69
73.79
73.9
74.01
74.13
74.25
74.38
74.51
74.64
74.78
74.93
75.07
75.22
75.36
75.5
75.64
75.77
75.9
76.01
76.12
76.22
76.31
76.4
76.47
76.54
76.6
76.64
76.68
76.7
76.72
76.73
76.73
76.72
76.71
76.69
76.67
76.64
76.61
76.57
76.53
76.48
76.44
76.4
76.35
76.31
76.27
76.23
76.19
76.15
76.11
76.07
76.03
75.99
75.95
75.91
75.87
75.83
75.79
75.75
75.71
75.68
75.64
75.6
75.55
75.51
75.47
75.42
75.38
75.33
75.28
75.22
75.17
75.11
75.06
75
74.93
74.87
74.79
74.72
74.64
74.56
74.48
74.4
74.31
74.22
74.12
74.02
73.92
73.81
73.7
73.59
73.47
73.35
73.23
73.11
72.98
72.85
72.72
72.59
72.45
72.32
72.18
72.04
71.9
71.76
71.62
71.49
71.36
71.24
71.12
71.01
70.9
70.79
70.69
70.6
70.51
70.43
70.36
70.29
70.23
70.18
70.13
70.08
70.04
70.01
69.98
69.96
69.94
69.93
69.92
69.91
69.9
69.9
69.9
69.9
69.89
69.87
69.85
69.82
69.78
69.73
69.67
69.6
69.52
69.44
69.34
69.24
69.13
69.02
68.9
68.79
68.67
68.55
68.43
68.32
68.22
68.14
68.06
68
67.95
67.91
67.87
67.84
67.82
67.81
67.8
67.79
67.79
67.79
67.8
67.81
67.82
67.83
67.85
67.86
67.88
67.9
67.91
67.93
67.95
67.97
67.99
68.01
68.03
68.05
68.07
68.1
68.12
68.14
68.17
68.19
68.22
68.25
68.27
68.3
68.32
68.35
68.37
68.4
68.42
68.44
68.47
68.49
68.51
68.53
68.55
68.56
68.58
68.6
68.61
68.62
68.64
68.65
68.65
68.66
68.66
68.66
68.66
68.66
68.65
68.64
68.63
68.62
68.6
68.58
68.56
68.54
68.51
68.48
68.45
68.42
68.38
68.34
68.3
68.26
68.21
68.16
68.11
68.05
67.98
67.92
67.84
67.77
67.69
67.6
67.51
67.42
67.33
67.23
67.13
67.02
66.92
66.81
66.7
66.58
66.46
66.34
66.21
66.09
65.95
65.82
65.68
65.55
65.41
65.27
65.13
64.99
64.85
64.71
64.58
64.45
64.31
64.18
64.06
63.93
63.81
63.69
63.58
63.47
63.36
63.25
63.14
63.04
62.94
62.85
62.76
62.67
62.59
62.52
62.45
62.38
62.32
62.26
62.21
62.16
62.12
62.08
62.05
62.01
61.99
61.96
61.94
61.92
61.91
61.89
61.88
61.87
61.86
61.86
61.85
61.85
61.85
61.85
61.84
61.84
61.84
61.84
61.84
61.83
61.83
61.83
61.82
61.82
61.81
61.8
61.79
61.77
61.76
61.74
61.72
61.7
61.68
61.66
61.63
61.6
61.57
61.54
61.5
61.46
61.41
61.36
61.31
61.25
61.19
61.13
61.06
60.99
60.91
60.82
60.73
60.63
60.52
60.41
60.27
60.11
59.88
59.54
59.13
58.68
58.22
57.75
57.27
56.78
56.29
55.79
55.3
54.79
54.29
53.8
53.31
52.82
52.33
51.85
51.38
50.91
50.43
49.96
49.49
49.02
48.55
48.08
47.62
47.19
46.77
46.38
46
45.65
45.31
44.98
44.66
44.35
44.05
43.75
43.46
43.17
42.9
42.66
42.45
42.28
42.13
42
41.87
41.76
41.65
41.55
41.46
41.38
41.31
41.26
41.22
41.18
41.16
41.14
41.14
41.14
41.16
41.18
41.22
41.26
41.32
41.38
41.45
41.53
41.62
41.72
41.84
41.98
42.15
42.33
42.52
42.74
42.98
43.23
43.49
43.77
44.07
44.37
44.69
45.01
45.35
45.69
46.04
46.4
46.76
47.13
47.49
47.85
48.21
48.57
48.92
49.27
49.6
49.94
50.26
50.56
50.85
51.13
51.38
51.61
51.82
52.02
52.2
52.36
52.51
52.65
52.78
52.9
53.01
53.12
53.22
53.33
53.43
53.53
53.64
53.75
53.88
54.03
54.19
54.37
54.58
54.79
55.03
55.28
55.54
55.8
56.06
56.31
56.56
56.79
57.02
57.23
57.43
57.61
57.78
57.93
58.08
58.21
58.34
58.45
58.56
58.66
58.76
58.85
58.94
59.02
59.09
59.14
59.19
59.23
59.25
59.27
59.27
59.27
59.26
59.24
59.21
59.18
59.15
59.12
59.09
59.07
59.05
59.03
59.02
59.02
59.02
59.02
59.04
59.06
59.08
59.12
59.15
59.19
59.24
59.29
59.34
59.41
59.48
59.55
59.63
59.72
59.81
59.9
60.01
60.12
60.23
60.36
60.49
60.63
60.78
60.94
61.11
61.28
61.45
61.63
61.81
61.99
62.17
62.36
62.54
62.72
62.9
63.08
63.25
63.42
63.59
63.75
63.9
64.05
64.19
64.33
64.47
64.59
64.71
64.81
64.9
64.96
65.01
65.03
65.03
65.01
64.97
64.9
64.82
64.72
64.61
64.48
64.34
64.18
64.03
63.86
63.69
63.51
63.33
63.16
63
62.85
62.71
62.58
62.46
62.35
62.26
62.17
62.09
62.02
61.95
61.88
61.82
61.77
61.71
61.66
61.61
61.55
61.5
61.45
61.4
61.35
61.3
61.26
61.21
61.17
61.12
61.08
61.04
61
60.96
60.92
60.88
60.84
60.8
60.76
60.72
60.69
60.65
60.61
60.57
60.54
60.5
60.47
60.43
60.4
60.37
60.34
60.31
60.27
60.24
60.21
60.18
60.14
60.11
60.07
60.04
60
59.97
59.93
59.89
59.85
59.81
59.77
59.73
59.69
59.65
59.61
59.56
59.52
59.47
59.42
59.36
59.31
59.25
59.18
59.11
59.04
58.97
58.89
58.8
58.72
58.63
58.53
58.43
58.33
58.22
58.11
58
57.89
57.78
57.67
57.57
57.46
57.35
57.25
57.14
57.04
56.94
56.85
56.76
56.67
56.59
56.51
56.43
56.36
56.29
56.23
56.17
56.11
56.05
56
55.94
55.89
55.84
55.8
55.75
55.7
55.66
55.61
55.57
55.52
55.48
55.43
55.38
55.34
55.29
55.24
55.2
55.15
55.1
55.05
54.99
54.94
54.89
54.83
54.77
54.72
54.66
54.6
54.55
54.5
54.45
54.4
54.35
54.31
54.27
54.23
54.19
54.16
54.13
54.1
54.08
54.06
54.04
54.02
54.01
54
53.99
53.98
53.97
53.96
53.95
53.95
53.94
53.93
53.93
53.92
53.92
53.91
53.91
53.91
53.9
53.9
53.9
53.9
53.9
53.9
53.9
53.91
53.91
53.91
53.92
53.92
53.93
53.94
53.94
53.95
53.96
53.97
53.99
54
54.01
54.03
54.04
54.06
54.08
54.1
54.12
54.14
54.17
54.21
54.25
54.29
54.34
54.4
54.46
54.53
54.6
54.67
54.75
54.83
54.91
55
55.09
55.17
55.26
55.35
55.44
55.52
55.6
55.68
55.76
55.83
55.89
55.95
56.01
56.06
56.11
56.15
56.19
56.21
56.24
56.25
56.26
56.27
56.26
56.26
56.25
56.23
56.2
56.17
56.12
56.07
56
55.93
55.84
55.75
55.64
55.54
55.42
55.29
55.14
54.97
54.76
54.51
54.24
53.97
53.7
53.44
53.16
52.86
52.52
52.14
51.74
51.33
50.91
50.47
50.03
49.57
49.09
48.61
48.12
47.63
47.13
46.62
46.12
45.6
45.09
44.57
44.05
43.53
43.01
42.48
41.96
41.43
40.91
40.38
39.85
39.32
38.8
38.27
37.74
37.21
36.68
36.15
35.62
35.09
34.56
34.03
33.5
32.97
32.44
31.91
31.38
30.85
30.33
29.8
29.28
28.77
28.28
27.83
27.43
27.09
26.8
26.54
26.31
26.09
25.88
25.68
25.5
25.36
25.25
25.17
25.12
25.09
25.1
25.13
25.19
25.28
25.4
25.56
25.75
25.97
26.22
26.5
26.81
27.15
27.52
27.91
28.32
28.75
29.2
29.67
30.15
30.64
31.15
31.68
32.21
32.75
33.3
33.86
34.43
35
35.58
36.16
36.75
37.34
37.93
38.52
39.11
39.69
40.26
40.83
41.38
41.93
42.46
42.99
43.5
44
44.48
44.95
45.4
45.83
46.26
46.66
47.06
47.44
47.81
48.16
48.5
48.82
49.11
49.39
49.66
49.91
50.14
50.37
50.58
50.77
50.95
51.12
51.27
51.4
51.53
51.65
51.75
51.85
51.94
52.02
52.09
52.15
52.2
52.24
52.27
52.29
52.31
52.32
52.33
52.33
52.32
52.32
52.31
52.29
52.28
52.26
52.24
52.22
52.2
52.18
52.15
52.13
52.1
52.07
52.04
52
51.97
51.93
51.89
51.85
51.8
51.75
51.7
51.65
51.58
51.52
51.44
51.37
51.29
51.2
51.11
51.01
50.89
50.77
50.64
50.5
50.35
50.19
50.01
49.8
49.55
49.29
49.01
48.71
48.41
48.1
47.79
47.47
47.14
46.78
46.39
45.98
45.54
45.08
44.61
44.13
43.64
43.14
42.64
42.12
41.6
41.08
40.55
40.02
39.49
38.96
38.43
37.9
37.37
36.84
36.31
35.78
35.25
34.72
34.19
33.66
33.13
32.6
32.07
31.54
31.01
30.48
29.94
29.41
28.88
28.35
27.82
27.29
26.76
26.23
25.69
25.16
24.62
24.09
23.55
23.01
22.47
21.93
21.4
20.86
20.34
19.85
19.4
18.99
18.61
18.26
17.92
17.59
17.26
16.94
16.61
16.3
16
15.7
15.41
15.13
14.84
14.56
14.28
14.01
13.73
13.46
13.19
12.93
12.67
12.42
12.17
11.92
11.67
11.42
11.17
10.94
10.72
10.5
10.3
10.1
9.91
9.72
9.53
9.34
9.16
8.98
8.8
8.63
8.46
8.3
8.14
7.98
7.82
7.66
7.5
7.34
7.17
7.01
6.84
6.68
6.52
6.36
6.19
6.03
5.85
5.67
5.48
5.27
5.06
4.83
4.6
4.36
4.12
3.88
3.65
3.42
3.19
2.97
2.76
2.55
2.34
2.13
1.92
1.71
1.5
1.29
1.08
0.87
0.66
0.45
0.24
0.04
0.01
0.02
0.02
0.01
0
0
0
0
0
0
0
0
0
0
0
0
0
0
0
0
0
0
0
0
0
0
0
0
0
0
0
0
0
0
0
0
0
0
0
0
0
0
0
0
0
0
0
0
0
0
0
0
0
0
0
0
0
0
0
0
0
0
0
0
0
0
0
0
0
0
0
0
0
0
0
0
0
0
0
0
0
0
0
0
0
0
0
0
0
0
0
0
0
0
0
0
0
0
0
0
0
0
0
0
0
0
0
0
0
0
0
0
0
0
0
0
0
0
0
0
0
0
0
0
0
0
0
0
0
0
0
0
0
0
0
0
0
0
0
0
0
0
0
0
0
0
0
0
0
0
0
0
0
0
0
0
0
0
0
0
0
0
0
0
0
0
0
0
0
0
0
0
0
0
0
0
0
0
0
0
0
0
0
0
0
0
0
0
0
0
0
0
0
0
0
0
0
0
0
0
0
0
0
0
0
0
0
0
0
0
0
0
0
0
0
0
0
0
0
0
0
0
0
0
0
0
0
0
0
0
0
0
0
0
0
0
0
0
0
0
0
0
0
0
0
0
0
0
0
0
0
0
0
0
0
0
0
0
0
0
0
0
0
0
0
0
0
0
0
0
0
0
0
0
0
0
0
0
0
0
0
0
0
0
0
0
0
0
0
0
0
0
0
0
0
0
0
0
0
0
0
0
0
0
0
0
0
0
0
0
0
0
0
0
0
0
0
0
0
0
0
0
0
0
0
0
0
0
0
0
0
0
0
0
0
0
0
0
0
0
0
0
0
0
0
0
0
0
0
0
0
0
0
0
0
0
0
0
0
0
0
0
0
0
0
0
0
0
0
0
0
0
0
0
0
0
0
0
0
0
0
0
0
0
0
0
0
0
0
0
0
0
0
0
0
0
0
0
0
0.02
0.02
0.05
0.08
0.15
0.24
0.35
0.49
0.65
0.83
1.03
1.24
1.48
1.73
2
2.28
2.58
2.89
3.22
3.56
3.92
4.29
4.67
5.06
5.46
5.87
6.28
6.69
7.1
7.51
7.92
8.33
8.74
9.16
9.58
10
10.43
10.86
11.3
11.74
12.19
12.65
13.12
13.6
14.09
14.59
15.1
15.62
16.14
16.67
17.21
17.75
18.28
18.81
19.34
19.86
20.37
20.87
21.36
21.84
22.32
22.78
23.23
23.68
24.11
24.53
24.94
25.34
25.74
26.13
26.51
26.88
27.25
27.62
27.98
28.33
28.69
29.04
29.38
29.73
30.07
30.41
30.75
31.09
31.42
31.76
32.09
32.42
32.75
33.08
33.41
33.74
34.06
34.37
34.68
34.99
35.29
35.58
35.86
36.14
36.42
36.68
36.94
37.2
37.44
37.68
37.92
38.14
38.36
38.58
38.79
39
39.2
39.4
39.59
39.78
39.97
40.15
40.33
40.51
40.69
40.87
41.05
41.22
41.4
41.59
41.77
41.96
42.15
42.35
42.54
42.75
42.95
43.16
43.38
43.59
43.82
44.04
44.28
44.51
44.75
44.99
45.23
45.47
45.72
45.96
46.21
46.45
46.7
46.95
47.19
47.44
47.68
47.92
48.16
48.39
48.63
48.85
49.08
49.3
49.52
49.73
49.94
50.14
50.33
50.51
50.69
50.86
51.03
51.18
51.33
51.48
51.61
51.74
51.86
51.97
52.07
52.16
52.25
52.33
52.4
52.47
52.53
52.59
52.64
52.68
52.72
52.75
52.77
52.8
52.81
52.83
52.84
52.85
52.86
52.87
52.88
52.88
52.88
52.89
52.89
52.9
52.9
52.91
52.91
52.92
52.93
52.94
52.95
52.97
52.98
53
53.02
53.04
53.06
53.08
53.1
53.12
53.14
53.16
53.19
53.21
53.22
53.24
53.25
53.26
53.27
53.27
53.27
53.26
53.25
53.24
53.22
53.19
53.16
53.12
53.07
53.01
52.95
52.88
52.81
52.73
52.64
52.55
52.45
52.33
52.21
52.08
51.94
51.8
51.64
51.48
51.3
51.11
50.91
50.72
50.52
50.33
50.13
49.94
49.74
49.55
49.35
49.14
48.93
48.72
48.5
48.28
48.06
47.84
47.61
47.38
47.15
46.91
46.66
46.41
46.15
45.89
45.63
45.37
45.11
44.84
44.58
44.3
44.02
43.71
43.39
43.06
42.72
42.37
42.02
41.67
41.32
40.96
40.59
40.21
39.81
39.39
38.97
38.54
38.11
37.68
37.25
36.81
36.36
35.88
35.38
34.87
34.35
33.82
33.29
32.77
32.24
31.71
31.18
30.65
30.12
29.59
29.06
28.53
28
27.48
26.97
26.47
25.97
25.48
25
24.53
24.07
23.62
23.17
22.72
22.28
21.84
21.4
20.96
20.53
20.1
19.66
19.23
18.8
18.37
17.94
17.52
17.11
16.73
16.36
16.01
15.67
15.33
15
14.67
14.35
14.03
13.75
13.5
13.29
13.11
12.95
12.8
12.66
12.52
12.39
12.25
12.14
12.03
11.94
11.87
11.82
11.79
11.77
11.76
11.77
11.79
11.83
11.87
11.93
11.99
12.07
12.14
12.23
12.33
12.44
12.56
12.7
12.87
13.05
13.25
13.46
13.69
13.94
14.21
14.49
14.8
15.13
15.47
15.84
16.22
16.61
17.02
17.44
17.87
18.3
18.74
19.17
19.6
20.03
20.45
20.86
21.27
21.67
22.05
22.41
22.75
23.07
23.36
23.62
23.85
24.06
24.25
24.42
24.56
24.69
24.8
24.89
24.97
25.03
25.08
25.13
25.17
25.2
25.24
25.27
25.31
25.35
25.4
25.45
25.51
25.58
25.66
25.75
25.85
25.96
26.09
26.23
26.38
26.56
26.74
26.94
27.15
27.38
27.61
27.86
28.11
28.38
28.66
28.94
29.24
29.54
29.84
30.15
30.46
30.78
31.11
31.44
31.77
32.11
32.45
32.8
33.15
33.5
33.86
34.22
34.58
34.96
35.34
35.73
36.13
36.53
36.95
37.37
37.81
38.25
38.69
39.15
39.61
40.07
40.54
41.02
41.5
41.98
42.47
42.96
43.46
43.95
44.44
44.94
45.43
45.93
46.42
46.91
47.4
47.88
48.36
48.83
49.29
49.74
50.18
50.62
51.04
51.46
51.87
52.27
52.66
53.03
53.4
53.75
54.09
54.43
54.75
55.07
55.38
55.68
55.97
56.26
56.53
56.8
57.06
57.32
57.57
57.82
58.06
58.3
58.53
58.77
59
59.23
59.45
59.68
59.9
60.13
60.35
60.56
60.77
60.97
61.17
61.35
61.53
61.7
61.87
62.02
62.17
62.31
62.43
62.55
62.65
62.74
62.82
62.89
62.95
63
63.04
63.07
63.09
63.1
63.09
63.08
63.05
63.02
62.97
62.92
62.86
62.79
62.72
62.63
62.54
62.43
62.31
62.17
62.03
61.87
61.71
61.53
61.34
61.14
60.95
60.76
60.58
60.41
60.24
60.08
59.92
59.76
59.6
59.46
59.32
59.19
59.07
58.96
58.86
58.78
58.7
58.63
58.57
58.53
58.49
58.46
58.44
58.42
58.41
58.41
58.41
58.42
58.43
58.44
58.46
58.48
58.5
58.52
58.54
58.56
58.58
58.6
58.62
58.64
58.66
58.68
58.7
58.71
58.73
58.74
58.75
58.77
58.77
58.78
58.79
58.8
58.8
58.8
58.81
58.81
58.81
58.81
58.82
58.82
58.82
58.82
58.82
58.82
58.82
58.83
58.83
58.84
58.85
58.86
58.87
58.88
58.89
58.91
58.93
58.95
58.98
59
59.04
59.08
59.13
59.19
59.26
59.33
59.41
59.49
59.59
59.69
59.8
59.92
60.04
60.18
60.32
60.46
60.61
60.77
60.93
61.09
61.26
61.42
61.58
61.74
61.9
62.05
62.21
62.35
62.5
62.64
62.77
62.89
63.01
63.11
63.22
63.31
63.4
63.48
63.55
63.62
63.68
63.73
63.78
63.82
63.85
63.88
63.91
63.92
63.94
63.95
63.95
63.95
63.94
63.92
63.9
63.87
63.83
63.79
63.75
63.7
63.65
63.59
63.52
63.44
63.35
63.26
63.15
63.03
62.91
62.78
62.65
62.5
62.34
62.18
62
61.79
61.58
61.36
61.15
60.95
60.76
60.57
60.4
60.24
60.08
59.92
59.76
59.61
59.46
59.32
59.18
59.06
58.94
58.83
58.74
58.65
58.57
58.5
58.44
58.39
58.36
58.33
58.32
58.32
58.33
58.34
58.37
58.4
58.45
58.5
58.57
58.65
58.73
58.83
58.94
59.06
59.19
59.32
59.46
59.62
59.78
59.95
60.12
60.31
60.5
60.7
60.91
61.12
61.33
61.54
61.75
61.96
62.17
62.37
62.57
62.76
62.95
63.14
63.31
63.48
63.63
63.78
63.91
64.03
64.14
64.23
64.32
64.4
64.46
64.52
64.56
64.6
64.62
64.64
64.65
64.65
64.64
64.63
64.61
64.58
64.55
64.51
64.46
64.4
64.33
64.25
64.17
64.08
63.98
63.88
63.77
63.66
63.54
63.41
63.28
63.14
63
62.85
62.71
62.56
62.41
62.27
62.14
62.01
61.88
61.76
61.65
61.54
61.45
61.36
61.28
61.22
61.17
61.13
61.09
61.07
61.06
61.06
61.07
61.09
61.13
61.18
61.24
61.31
61.4
61.5
61.61
61.73
61.87
62.01
62.17
62.35
62.54
62.75
62.97
63.21
63.46
63.71
63.98
64.25
64.53
64.82
65.11
65.4
65.69
65.99
66.28
66.57
66.86
67.14
67.41
67.66
67.9
68.13
68.34
68.54
68.73
68.91
69.06
69.21
69.34
69.45
69.54
69.62
69.69
69.75
69.79
69.82
69.85
69.86
69.86
69.86
69.84
69.81
69.78
69.73
69.69
69.63
69.58
69.52
69.45
69.38
69.31
69.22
69.13
69.03
68.92
68.81
68.69
68.57
68.45
68.32
68.19
68.06
67.93
67.8
67.67
67.54
67.41
67.29
67.17
67.05
66.94
66.83
66.73
66.64
66.55
66.47
66.39
66.32
66.25
66.18
66.12
66.06
66.01
65.96
65.91
65.87
65.82
65.77
65.73
65.68
65.62
65.57
65.51
65.45
65.39
65.32
65.25
65.17
65.08
64.98
64.87
64.75
64.62
64.49
64.34
64.19
64.02
63.84
63.62
63.37
63.11
62.84
62.56
62.28
62
61.71
61.43
61.14
60.84
60.51
60.15
59.75
59.32
58.89
58.44
57.99
57.52
57.05
56.56
56.07
55.58
55.07
54.57
54.05
53.54
53.02
52.51
51.99
51.46
50.94
50.42
49.89
49.37
48.84
48.31
47.79
47.26
46.74
46.22
45.7
45.19
44.67
44.15
43.64
43.13
42.63
42.14
41.67
41.21
40.76
40.32
39.89
39.47
39.05
38.63
38.23
37.84
37.45
37.08
36.71
36.34
35.98
35.63
35.28
34.94
34.59
34.26
33.92
33.59
33.27
32.94
32.62
32.3
31.98
31.66
31.35
31.03
30.71
30.39
30.08
29.76
29.44
29.12
28.8
28.48
28.16
27.83
27.5
27.16
26.82
26.47
26.13
25.78
25.43
25.08
24.73
24.37
24.02
23.66
23.3
22.95
22.59
22.23
21.87
21.52
21.16
20.81
20.47
20.13
19.8
19.47
19.15
18.82
18.5
18.18
17.86
17.54
17.23
16.92
16.64
16.39
16.16
15.95
15.76
15.59
15.41
15.25
15.08
14.92
14.78
14.66
14.54
14.44
14.35
14.28
14.21
14.16
14.11
14.08
14.06
14.04
14.04
14.04
14.04
14.06
14.07
14.1
14.12
14.15
14.18
14.21
14.25
14.29
14.32
14.36
14.4
14.44
14.48
14.52
14.56
14.61
14.65
14.7
14.74
14.79
14.84
14.89
14.95
15.01
15.08
15.16
15.24
15.33
15.43
15.54
15.65
15.78
15.91
16.06
16.23
16.41
16.61
16.83
17.06
17.3
17.56
17.83
18.11
18.4
18.69
19
19.32
19.64
19.97
20.31
20.65
20.99
21.32
21.65
21.97
22.28
22.57
22.85
23.12
23.37
23.61
23.83
24.04
24.22
24.38
24.52
24.64
24.75
24.83
24.9
24.95
24.99
25
24.99
24.96
24.9
24.8
24.68
24.53
24.33
24.07
23.78
23.49
23.2
22.86
22.48
22.04
21.56
21.06
20.55
20.03
19.53
19.05
18.59
18.15
17.72
17.31
16.9
16.5
16.1
15.71
15.32
14.93
14.55
14.21
13.92
13.66
13.43
13.23
13.04
12.86
12.68
12.5
12.34
12.2
12.09
11.98
11.9
11.83
11.78
11.73
11.7
11.68
11.66
11.66
11.66
11.66
11.68
11.69
11.71
11.74
11.78
11.83
11.89
11.96
12.05
12.16
12.28
12.42
12.57
12.73
12.92
13.12
13.34
13.58
13.85
14.14
14.44
14.78
15.13
15.5
15.9
16.31
16.73
17.17
17.62
18.09
18.56
19.05
19.54
20.05
20.56
21.07
21.58
22.1
22.61
23.11
23.62
24.11
24.61
25.09
25.57
26.04
26.5
26.94
27.38
27.81
28.23
28.65
29.05
29.45
29.84
30.23
30.62
31
31.38
31.77
32.15
32.53
32.91
33.29
33.68
34.06
34.46
34.85
35.25
35.65
36.05
36.46
36.87
37.28
37.7
38.1
38.51
38.9
39.29
39.67
40.04
40.4
40.75
41.09
41.42
41.74
42.06
42.37
42.67
42.97
43.26
43.55
43.83
44.11
44.39
44.67
44.94
45.21
45.49
45.76
46.03
46.3
46.58
46.85
47.12
47.39
47.65
47.91
48.16
48.41
48.65
48.89
49.12
49.35
49.57
49.79
50
50.22
50.43
50.65
50.86
51.08
51.29
51.51
51.72
51.94
52.15
52.36
52.57
52.78
52.99
53.19
53.39
53.59
53.79
53.99
54.18
54.38
54.58
54.77
54.97
55.17
55.37
55.57
55.77
55.97
56.17
56.37
56.56
56.76
56.95
57.13
57.32
57.5
57.67
57.85
58.02
58.19
58.36
58.53
58.7
58.87
59.03
59.2
59.36
59.53
59.69
59.85
60.01
60.17
60.33
60.48
60.63
60.79
60.94
61.09
61.24
61.39
61.55
61.7
61.85
62
62.16
62.31
62.47
62.62
62.77
62.92
63.07
63.21
63.35
63.49
63.62
63.75
63.88
64.01
64.13
64.26
64.38
64.51
64.64
64.76
64.89
65.02
65.16
65.29
65.42
65.56
65.69
65.83
65.97
66.11
66.25
66.39
66.53
66.67
66.81
66.95
67.08
67.22
67.35
67.48
67.61
67.73
67.86
67.98
68.11
68.23
68.36
68.49
68.62
68.75
68.88
69.01
69.14
69.27
69.4
69.52
69.65
69.77
69.88
69.99
70.1
70.2
70.3
70.4
70.5
70.59
70.68
70.78
70.87
70.96
71.05
71.14
71.23
71.33
71.42
71.52
71.61
71.71
71.8
71.9
72
72.1
72.2
72.29
72.39
72.49
72.59
72.68
72.78
72.88
72.97
73.06
73.15
73.24
73.33
73.42
73.5
73.58
73.66
73.74
73.81
73.89
73.96
74.03
74.1
74.17
74.24
74.31
74.38
74.44
74.51
74.58
74.65
74.71
74.78
74.85
74.92
74.98
75.05
75.12
75.19
75.26
75.33
75.4
75.46
75.53
75.6
75.67
75.74
75.81
75.88
75.95
76.02
76.1
76.17
76.24
76.32
76.39
76.47
76.54
76.62
76.7
76.78
76.86
76.93
77.01
77.09
77.17
77.25
77.33
77.41
77.49
77.57
77.65
77.73
77.8
77.87
77.95
78.02
78.08
78.15
78.22
78.28
78.34
78.4
78.46
78.52
78.57
78.63
78.68
78.73
78.78
78.84
78.89
78.95
79
79.06
79.12
79.17
79.23
79.3
79.36
79.42
79.48
79.55
79.61
79.67
79.74
79.8
79.87
79.93
79.99
80.06
80.12
80.19
80.25
80.32
80.38
80.45
80.52
80.58
80.65
80.72
80.78
80.85
80.92
80.98
81.05
81.11
81.18
81.24
81.31
81.37
81.44
81.51
81.57
81.64
81.71
81.78
81.86
81.93
82
82.07
82.15
82.22
82.29
82.35
82.42
82.48
82.54
82.6
82.66
82.72
82.77
82.83
82.88
82.93
82.98
83.03
83.08
83.13
83.18
83.23
83.27
83.32
83.36
83.41
83.45
83.49
83.53
83.58
83.62
83.66
83.7
83.74
83.78
83.82
83.86
83.9
83.93
83.97
84.01
84.06
84.1
84.14
84.18
84.23
84.27
84.31
84.36
84.41
84.45
84.5
84.55
84.6
84.65
84.69
84.74
84.79
84.84
84.89
84.94
84.99
85.04
85.09
85.13
85.18
85.22
85.27
85.32
85.36
85.41
85.46
85.51
85.56
85.61
85.66
85.72
85.77
85.83
85.89
85.95
86.01
86.07
86.13
86.19
86.25
86.31
86.37
86.43
86.49
86.55
86.6
86.66
86.72
86.77
86.83
86.89
86.94
87
87.06
87.11
87.17
87.23
87.29
87.35
87.4
87.46
87.52
87.58
87.64
87.69
87.75
87.8
87.85
87.9
87.95
88
88.04
88.08
88.12
88.16
88.2
88.24
88.27
88.31
88.35
88.38
88.42
88.46
88.49
88.53
88.56
88.59
88.63
88.66
88.7
88.73
88.76
88.79
88.82
88.86
88.89
88.92
88.95
88.98
89.01
89.04
89.07
89.1
89.13
89.16
89.2
89.23
89.27
89.31
89.34
89.38
89.42
89.46
89.51
89.55
89.59
89.64
89.68
89.73
89.77
89.81
89.86
89.9
89.95
89.99
90.03
90.07
90.12
90.16
90.2
90.24
90.28
90.32
90.37
90.41
90.45
90.49
90.53
90.57
90.61
90.65
90.69
90.73
90.76
90.8
90.84
90.88
90.91
90.95
90.98
91.02
91.05
91.09
91.12
91.15
91.18
91.22
91.25
91.28
91.31
91.34
91.37
91.4
91.43
91.46
91.49
91.52
91.55
91.58
91.61
91.64
91.67
91.7
91.73
91.76
91.79
91.82
91.84
91.87
91.9
91.93
91.97
92
92.03
92.06
92.1
92.13
92.17
92.21
92.25
92.3
92.34
92.39
92.44
92.49
92.54
92.59
92.64
92.69
92.73
92.78
92.82
92.87
92.91
92.95
92.98
93.02
93.05
93.08
93.11
93.14
93.16
93.19
93.21
93.23
93.26
93.28
93.3
93.31
93.33
93.35
93.37
93.39
93.41
93.42
93.44
93.46
93.48
93.5
93.51
93.53
93.55
93.57
93.59
93.61
93.62
93.64
93.66
93.68
93.7
93.72
93.74
93.76
93.78
93.8
93.81
93.83
93.85
93.86
93.88
93.89
93.91
93.92
93.93
93.95
93.96
93.97
93.98
94
94.01
94.02
94.03
94.04
94.05
94.06
94.08
94.09
94.1
94.12
94.13
94.15
94.16
94.17
94.19
94.2
94.22
94.23
94.25
94.26
94.28
94.29
94.3
94.32
94.33
94.35
94.36
94.38
94.39
94.41
94.42
94.44
94.46
94.47
94.49
94.5
94.52
94.53
94.55
94.56
94.58
94.59
94.6
94.62
94.63
94.64
94.65
94.67
94.68
94.69
94.7
94.71
94.72
94.74
94.75
94.76
94.77
94.79
94.8
94.81
94.83
94.84
94.86
94.87
94.89
94.9
94.92
94.93
94.95
94.96
94.98
94.99
95
95.02
95.03
95.05
95.06
95.08
95.09
95.11
95.12
95.14
95.16
95.17
95.19
95.2
95.22
95.23
95.25
95.26
95.28
95.29
95.31
95.32
95.33
95.35
95.36
95.38
95.39
95.41
95.43
95.44
95.46
95.47
95.49
95.5
95.52
95.53
95.55
95.56
95.58
95.59
95.6
95.62
95.63
95.64
95.65
95.67
95.68
95.69
95.7
95.71
95.72
95.74
95.75
95.76
95.77
95.79
95.8
95.81
95.83
95.84
95.86
95.87
95.89
95.9
95.92
95.93
95.95
95.96
95.98
95.99
96
96.02
96.03
96.05
96.06
96.08
96.09
96.11
96.12
96.14
96.16
96.17
96.19
96.2
96.22
96.23
96.25
96.26
96.28
96.29
96.31
96.32
96.33
96.35
96.36
96.38
96.39
96.41
96.43
96.44
96.46
96.48
96.49
96.51
96.53
96.55
96.56
96.58
96.6
96.62
96.64
96.66
96.68
96.7
96.72
96.74
96.76
96.78
96.8
96.82
96.84
96.86
96.88
96.9
96.92
96.94
96.96
96.98
97
97.02
97.04
97.06
97.08
97.09
97.11
97.13
97.15
97.16
97.18
97.19
97.21
97.22
97.23
97.25
97.26
97.27
97.28
97.29
97.3
97.31
97.32
97.33
97.34
97.35
97.36
97.36
97.37
97.38
97.38
97.39
97.39
97.39
97.4
97.4
97.4
97.4
97.4
97.4
97.41
97.41
97.41
97.41
97.41
97.41
97.41
97.41
97.41
97.41
97.41
97.41
97.4
97.4
97.4
97.4
97.4
97.39
97.39
97.38
97.38
97.37
97.37
97.36
97.36
97.35
97.35
97.34
97.34
97.33
97.33
97.33
97.32
97.32
97.32
97.31
97.31
97.31
97.31
97.31
97.3
97.3
97.3
97.3
97.3
97.3
97.3
97.3
97.3
97.3
97.3
97.3
97.3
97.3
97.29
97.29
97.29
97.29
97.28
97.28
97.27
97.27
97.26
97.26
97.25
97.24
97.24
97.23
97.22
97.21
97.2
97.19
97.18
97.18
97.17
97.16
97.15
97.14
97.13
97.12
97.11
97.1
97.09
97.08
97.07
97.05
97.04
97.03
97.02
97.01
97
96.99
96.98
96.97
96.96
96.95
96.93
96.92
96.91
96.89
96.88
96.86
96.84
96.83
96.81
96.79
96.77
96.75
96.73
96.71
96.68
96.66
96.63
96.61
96.58
96.55
96.53
96.5
96.47
96.44
96.41
96.38
96.35
96.32
96.29
96.26
96.23
96.19
96.16
96.12
96.09
96.05
96.02
95.98
95.94
95.91
95.87
95.83
95.8
95.76
95.73
95.7
95.67
95.64
95.61
95.58
95.56
95.54
95.51
95.49
95.47
95.45
95.43
95.41
95.39
95.38
95.36
95.35
95.33
95.32
95.3
95.29
95.28
95.26
95.25
95.24
95.22
95.21
95.2
95.18
95.17
95.15
95.14
95.12
95.11
95.09
95.08
95.06
95.05
95.04
95.02
95.01
95
94.98
94.97
94.95
94.94
94.92
94.91
94.89
94.88
94.86
94.84
94.83
94.81
94.79
94.77
94.76
94.74
94.72
94.7
94.68
94.66
94.65
94.63
94.61
94.59
94.58
94.56
94.54
94.53
94.51
94.5
94.49
94.48
94.47
94.46
94.45
94.44
94.43
94.42
94.42
94.41
94.41
94.4
94.4
94.39
94.39
94.38
94.37
94.37
94.36
94.36
94.35
94.35
94.34
94.34
94.33
94.33
94.32
94.32
94.32
94.31
94.31
94.3
94.3
94.29
94.28
94.27
94.26
94.25
94.24
94.23
94.22
94.2
94.19
94.17
94.16
94.14
94.12
94.11
94.09
94.07
94.05
94.03
94
93.98
93.95
93.92
93.89
93.86
93.82
93.79
93.75
93.71
93.67
93.62
93.57
93.52
93.47
93.42
93.36
93.31
93.25
93.19
93.13
93.07
93.01
92.94
92.87
92.8
92.73
92.66
92.58
92.5
92.43
92.35
92.27
92.19
92.12
92.04
91.96
91.88
91.81
91.73
91.66
91.58
91.51
91.44
91.36
91.29
91.22
91.15
91.08
91.01
90.94
90.87
90.8
90.74
90.67
90.6
90.54
90.48
90.41
90.35
90.29
90.22
90.16
90.1
90.03
89.97
89.9
89.84
89.77
89.71
89.64
89.58
89.51
89.45
89.38
89.32
89.25
89.19
89.13
89.07
89
88.94
88.88
88.82
88.76
88.7
88.63
88.57
88.51
88.45
88.39
88.33
88.26
88.2
88.14
88.07
88.01
87.94
87.88
87.81
87.74
87.68
87.61
87.54
87.47
87.4
87.33
87.26
87.2
87.13
87.06
86.99
86.91
86.84
86.77
86.7
86.63
86.56
86.49
86.42
86.35
86.28
86.21
86.14
86.07
86
85.93
85.86
85.79
85.72
85.65
85.58
85.51
85.45
85.38
85.32
85.25
85.19
85.12
85.06
85
84.93
84.87
84.81
84.75
84.69
84.63
84.57
84.51
84.45
84.39
84.33
84.27
84.21
84.15
84.09
84.03
83.97
83.91
83.85
83.79
83.73
83.67
83.61
83.56
83.5
83.44
83.38
83.32
83.26
83.2
83.14
83.08
83.02
82.96
82.9
82.84
82.78
82.72
82.66
82.6
82.54
82.48
82.42
82.36
82.3
82.24
82.18
82.12
82.06
82
81.94
81.88
81.82
81.76
81.7
81.64
81.58
81.52
81.46
81.4
81.34
81.28
81.22
81.16
81.1
81.04
80.98
80.92
80.86
80.8
80.74
80.68
80.62
80.56
80.5
80.44
80.38
80.32
80.26
80.2
80.14
80.09
80.03
79.98
79.92
79.87
79.81
79.76
79.71
79.66
79.61
79.56
79.52
79.47
79.43
79.39
79.35
79.31
79.28
79.24
79.21
79.17
79.14
79.11
79.08
79.05
79.02
78.99
78.96
78.93
78.9
78.87
78.84
78.81
78.78
78.75
78.73
78.7
78.67
78.64
78.61
78.58
78.55
78.52
78.5
78.47
78.44
78.41
78.38
78.35
78.32
78.29
78.26
78.23
78.2
78.17
78.14
78.11
78.08
78.05
78.02
77.99
77.96
77.93
77.9
77.87
77.84
77.81
77.78
77.75
77.72
77.69
77.66
77.63
77.6
77.57
77.54
77.51
77.48
77.45
77.42
77.39
77.36
77.33
77.3
77.27
77.24
77.21
77.18
77.15
77.12
77.09
77.06
77.03
77
76.97
76.94
76.9
76.87
76.84
76.8
76.76
76.72
76.68
76.64
76.59
76.54
76.49
76.43
76.37
76.32
76.27
76.22
76.18
76.15
76.12
76.09
76.06
76.04
76.02
76.01
75.99
75.98
75.97
75.97
75.96
75.96
75.95
75.95
75.95
75.95
75.94
75.94
75.94
75.94
75.94
75.93
75.93
75.93
75.93
75.92
75.92
75.92
75.92
75.91
75.91
75.91
75.91
75.9
75.9
75.9
75.89
75.89
75.88
75.88
75.87
75.86
75.86
75.85
75.84
75.84
75.83
75.82
75.81
75.8
75.79
75.78
75.77
75.76
75.75
75.74
75.72
75.71
75.7
75.68
75.67
75.65
75.63
75.62
75.6
75.58
75.56
75.53
75.51
75.49
75.46
75.44
75.41
75.39
75.36
75.33
75.31
75.28
75.26
75.23
75.21
75.18
75.16
75.13
75.11
75.08
75.06
75.03
75.01
74.98
74.95
74.93
74.9
74.87
74.84
74.8
74.77
74.74
74.7
74.66
74.62
74.58
74.53
74.48
74.43
74.37
74.32
74.26
74.21
74.15
74.09
74.04
73.99
73.94
73.89
73.84
73.8
73.75
73.71
73.67
73.63
73.59
73.55
73.51
73.48
73.45
73.42
73.4
73.38
73.36
73.36
73.35
73.35
73.35
73.36
73.37
73.38
73.4
73.43
73.46
73.49
73.53
73.58
73.62
73.67
73.72
73.78
73.84
73.91
73.98
74.05
74.13
74.21
74.3
74.38
74.47
74.57
74.67
74.77
74.87
74.98
75.1
75.21
75.33
75.45
75.57
75.7
75.83
75.96
76.1
76.24
76.39
76.54
76.69
76.84
77
77.16
77.32
77.48
77.64
77.81
77.97
78.13
78.29
78.44
78.6
78.75
78.9
79.04
79.18
79.32
79.45
79.57
79.7
79.82
79.93
80.04
80.14
80.24
80.32
80.4
80.48
80.55
80.61
80.67
80.72
80.77
80.81
80.85
80.88
80.91
80.93
80.95
80.97
80.99
81
81.01
81.02
81.03
81.04
81.04
81.05
81.05
81.05
81.05
81.05
81.05
81.05
81.04
81.04
81.04
81.04
81.04
81.03
81.03
81.03
81.03
81.02
81.02
81.02
81.02
81.01
81.01
81.01
81.01
81.01
81.01
81.01
81
81
81
81
81
81
80.99
80.99
80.99
80.98
80.98
80.97
80.97
80.96
80.95
80.95
80.94
80.92
80.91
80.9
80.88
80.86
80.85
80.83
80.8
80.78
80.76
80.73
80.71
80.68
80.65
80.62
80.59
80.56
80.53
80.5
80.47
80.44
80.41
80.38
80.35
80.31
80.28
80.25
80.22
80.19
80.16
80.14
80.11
80.08
80.06
80.04
80.02
80
79.98
79.97
79.95
79.93
79.92
79.91
79.89
79.88
79.87
79.86
79.85
79.84
79.84
79.83
79.82
79.82
79.81
79.81
79.81
79.8
79.8
79.8
79.8
79.79
79.79
79.79
79.79
79.79
79.79
79.79
79.79
79.8
79.8
79.8
79.81
79.81
79.81
79.82
79.83
79.83
79.84
79.85
79.85
79.86
79.87
79.88
79.89
79.9
79.91
79.92
79.93
79.94
79.95
79.97
79.99
80.01
80.03
80.05
80.07
80.1
80.13
80.16
80.19
80.22
80.26
80.3
80.33
80.37
80.41
80.45
80.49
80.53
80.57
80.62
80.66
80.7
80.74
80.78
80.83
80.87
80.91
80.95
80.99
81.03
81.07
81.11
81.15
81.18
81.22
81.26
81.29
81.32
81.35
81.38
81.41
81.43
81.46
81.48
81.5
81.52
81.53
81.55
81.56
81.57
81.58
81.59
81.6
81.6
81.61
81.61
81.61
81.61
81.61
81.61
81.61
81.6
81.59
81.58
81.57
81.56
81.55
81.53
81.51
81.49
81.47
81.44
81.41
81.37
81.33
81.28
81.23
81.18
81.12
81.05
80.98
80.91
80.83
80.74
80.65
80.55
80.45
80.34
80.23
80.12
80
79.88
79.76
79.63
79.5
79.37
79.23
79.09
78.95
78.81
78.67
78.52
78.38
78.23
78.09
77.94
77.8
77.65
77.51
77.36
77.22
77.07
76.93
76.78
76.63
76.49
76.34
76.19
76.04
75.89
75.75
75.6
75.45
75.3
75.15
75
74.85
74.7
74.54
74.39
74.24
74.08
73.93
73.77
73.61
73.45
73.28
73.12
72.95
72.78
72.6
72.42
72.24
72.05
71.86
71.67
71.48
71.29
71.1
70.91
70.72
70.52
70.33
70.13
69.93
69.74
69.54
69.34
69.14
68.94
68.73
68.53
68.33
68.12
67.92
67.71
67.5
67.28
67.07
66.85
66.64
66.42
66.2
65.98
65.76
65.54
65.32
65.1
64.88
64.66
64.44
64.22
64
63.78
63.56
63.35
63.14
62.93
62.73
62.53
62.34
62.15
61.97
61.8
61.63
61.47
61.31
61.15
61
60.85
60.7
60.56
60.44
60.32
60.21
60.11
60.02
59.94
59.87
59.81
59.77
59.73
59.72
59.71
59.72
59.74
59.78
59.82
59.87
59.93
60.01
60.09
60.19
60.29
60.4
60.53
60.66
60.79
60.93
61.08
61.22
61.36
61.5
61.64
61.77
61.89
62.01
62.13
62.24
62.34
62.43
62.51
62.58
62.64
62.7
62.74
62.77
62.8
62.82
62.83
62.83
62.82
62.8
62.77
62.72
62.67
62.61
62.54
62.45
62.37
62.27
62.17
62.06
61.94
61.8
61.65
61.49
61.32
61.13
60.92
60.7
60.48
60.27
60.08
59.89
59.71
59.53
59.36
59.2
59.03
58.88
58.73
58.58
58.45
58.32
58.21
58.1
58.01
57.93
57.85
57.79
57.74
57.7
57.67
57.64
57.62
57.61
57.6
57.59
57.59
57.59
57.6
57.6
57.61
57.62
57.63
57.65
57.66
57.67
57.68
57.69
57.69
57.69
57.69
57.68
57.66
57.65
57.62
57.59
57.56
57.52
57.47
57.41
57.35
57.27
57.19
57.1
56.99
56.88
56.77
56.65
56.52
56.38
56.24
56.08
55.91
55.7
55.46
55.2
54.93
54.64
54.36
54.06
53.75
53.43
53.09
52.73
52.36
51.97
51.57
51.15
50.73
50.3
49.86
49.41
48.95
48.49
48.02
47.55
47.09
46.62
46.15
45.67
45.19
44.7
44.2
43.7
43.19
42.69
42.17
41.66
41.14
40.62
40.1
39.58
39.05
38.53
38
37.48
36.95
36.42
35.89
35.37
34.84
34.31
33.78
33.25
32.73
32.23
31.77
31.34
30.94
30.57
30.22
29.89
29.57
29.27
29
28.76
28.59
28.46
28.35
28.26
28.2
28.18
28.18
28.23
28.3
28.41
28.55
28.72
28.92
29.13
29.37
29.63
29.91
30.2
30.51
30.84
31.17
31.52
31.86
32.21
32.55
32.9
33.24
33.57
33.9
34.22
34.53
34.82
35.1
35.35
35.59
35.8
35.99
36.17
36.33
36.47
36.6
36.72
36.82
36.91
37
37.08
37.15
37.22
37.28
37.35
37.42
37.49
37.57
37.65
37.75
37.86
37.97
38.1
38.24
38.39
38.55
38.73
38.92
39.13
39.36
39.6
39.86
40.13
40.41
40.71
41.02
41.34
41.67
42.02
42.38
42.75
43.12
43.51
43.9
44.3
44.71
45.11
45.52
45.94
46.35
46.75
47.16
47.56
47.96
48.36
48.75
49.13
49.49
49.85
50.19
50.52
50.84
51.14
51.44
51.72
51.99
52.25
52.49
52.71
52.93
53.13
53.31
53.49
53.65
53.81
53.95
54.09
54.21
54.32
54.42
54.51
54.59
54.67
54.73
54.79
54.85
54.89
54.93
54.96
54.99
55.01
55.02
55.03
55.03
55.03
55.03
55.02
55.01
55
54.98
54.96
54.94
54.91
54.89
54.86
54.83
54.8
54.77
54.74
54.7
54.65
54.61
54.56
54.5
54.45
54.39
54.33
54.26
54.19
54.12
54.04
53.96
53.88
53.79
53.7
53.61
53.52
53.42
53.32
53.22
53.12
53.01
52.9
52.8
52.68
52.57
52.46
52.34
52.22
52.09
51.97
51.84
51.71
51.57
51.44
51.3
51.15
51.01
50.86
50.71
50.56
50.41
50.25
50.08
49.92
49.75
49.58
49.42
49.25
49.08
48.91
48.74
48.57
48.4
48.23
48.06
47.88
47.69
47.5
47.3
47.1
46.89
46.68
46.47
46.26
46.03
45.8
45.54
45.27
44.99
44.7
44.4
44.09
43.77
43.45
43.12
42.78
42.43
42.04
41.61
41.13
40.63
40.12
39.6
39.08
38.55
38.03
37.5
36.97
36.44
35.91
35.38
34.85
34.33
33.82
33.33
32.85
32.4
31.96
31.53
31.11
30.7
30.3
29.9
29.51
29.12
28.74
28.37
28.06
27.8
27.61
27.47
27.35
27.23
27.13
27.03
26.95
26.88
26.83
26.8
26.78
26.77
26.78
26.8
26.83
26.87
26.91
26.96
27.01
27.07
27.12
27.17
27.23
27.28
27.33
27.37
27.41
27.45
27.48
27.5
27.52
27.53
27.54
27.54
27.54
27.53
27.52
27.51
27.49
27.47
27.44
27.41
27.38
27.34
27.31
27.27
27.23
27.19
27.15
27.11
27.07
27.03
26.98
26.94
26.9
26.86
26.82
26.79
26.75
26.73
26.71
26.69
26.68
26.68
26.68
26.68
26.7
26.73
26.77
26.83
26.9
26.98
27.08
27.18
27.3
27.43
27.58
27.75
27.93
28.14
28.35
28.59
28.84
29.1
29.38
29.67
29.97
30.29
30.61
30.95
31.29
31.65
32.01
32.38
32.75
33.13
33.51
33.9
34.29
34.67
35.06
35.45
35.83
36.22
36.6
36.97
37.34
37.69
38.04
38.37
38.69
39
39.29
39.58
39.85
40.11
40.36
40.58
40.78
40.97
41.14
41.28
41.41
41.53
41.63
41.71
41.77
41.82
41.84
41.85
41.83
41.8
41.74
41.67
41.59
41.49
41.39
41.27
41.13
40.97
40.77
40.51
40.23
39.94
39.65
39.36
39.08
38.8
38.52
38.24
37.95
37.66
37.37
37.07
36.77
36.47
36.17
35.88
35.63
35.41
35.24
35.1
34.96
34.84
34.71
34.6
34.49
34.4
34.32
34.26
34.21
34.18
34.16
34.16
34.17
34.2
34.24
34.3
34.38
34.48
34.59
34.72
34.86
35.01
35.17
35.35
35.54
35.75
35.98
36.22
36.48
36.76
37.04
37.34
37.65
37.97
38.28
38.6
38.92
39.23
39.53
39.83
40.12
40.41
40.68
40.94
41.19
41.42
41.63
41.81
41.98
42.13
42.26
42.37
42.47
42.55
42.61
42.66
42.68
42.69
42.67
42.64
42.6
42.54
42.46
42.38
42.29
42.2
42.09
41.96
41.83
41.68
41.52
41.32
41.11
40.89
40.68
40.47
40.23
39.96
39.67
39.34
39.01
38.66
38.3
37.91
37.5
37.07
36.63
36.17
35.7
35.22
34.73
34.24
33.74
33.23
32.72
32.21
31.69
31.18
30.66
30.14
29.61
29.09
28.56
28.04
27.51
26.98
26.44
25.91
25.37
24.84
24.3
23.77
23.23
22.7
22.17
21.66
21.21
20.84
20.54
20.31
20.11
19.94
19.79
19.64
19.5
19.37
19.25
19.16
19.08
19.03
19.01
19.01
19.02
19.06
19.12
19.19
19.29
19.39
19.52
19.65
19.79
19.95
20.11
20.27
20.43
20.59
20.75
20.9
21.05
21.2
21.33
21.47
21.59
21.7
21.81
21.9
21.98
22.05
22.11
22.16
22.19
22.22
22.24
22.25
22.25
22.24
22.22
22.19
22.15
22.1
22.04
21.97
21.9
21.81
21.73
21.64
21.53
21.42
21.29
21.16
21
20.81
20.61
20.39
20.19
19.98
19.8
19.63
19.47
19.33
19.19
19.05
18.92
18.78
18.65
18.53
18.41
18.3
18.21
18.12
18.06
18
17.95
17.91
17.88
17.87
17.86
17.86
17.87
17.89
17.91
17.94
17.98
18.02
18.06
18.1
18.14
18.18
18.23
18.27
18.31
18.35
18.38
18.41
18.44
18.45
18.46
18.46
18.45
18.43
18.41
18.37
18.32
18.27
18.21
18.13
18.04
17.91
17.76
17.55
17.27
16.96
16.62
16.25
15.86
15.45
15.02
14.58
14.13
13.67
13.2
12.72
12.24
11.75
11.25
10.75
10.24
9.73
9.22
8.71
8.19
7.67
7.17
6.7
6.25
5.83
5.42
5.03
4.64
4.24
3.85
3.46
3.08
2.69
2.31
1.94
1.61
1.28
0.95
0.62
0.29
0.02
0.03
0.03
0.02
0.01
0
0
0
0
0
0
0
0
0
0
0
0
0
0
0
0
0
0
0
0
0
0
0
0
0
0
0
0
0
0
0
0
0
0
0
0
0
0
0
0
0
0
0
0
0
0
0
0
0
0
0
0
0
0
0
0
0
0
0
0
0
0
0
0
0
0
0
0
0
0
0
0
0
0
0
0
0
0
0
0
0
0
0
0
0
0
0
0
0
0
0
0
0
0
0
0
0
0
0
0
0
0
0
0
0
0
0
0
0
0
0
0
0
0
0
0
0
0
0
0
0
0
0
0
0
0
0
0
0
0
0
0
0
0
0
0
0
0
0
0
0
0
0
0
0
0
0
0
0
0
0
0
0
0
0
0
0
0
0
0
0
0
0
0
0
0
0
0
0
0
0
0
0
0
0
0
0
0
0
0
0
0
0
0
0
0
0
0
0
0
0
0
0
0
0
0
0
0
0
0
0
0
0
0
0
0
0
0
0
0
0
0
0
0
0
0
0
0
0
0
0
0
0
0
0
0
0
0
0
0
0
0
0
0
0
0
0
0
0
0
0
0
0
0
0
0
0
0
0
0
0
0
0
0.01
0.02
0.04
0.08
0.13
0.21
0.3
0.42
0.54
0.68
0.82
0.98
1.14
1.31
1.48
1.66
1.84
2.03
2.22
2.41
2.6
2.79
2.98
3.17
3.36
3.55
3.74
3.93
4.11
4.3
4.48
4.67
4.85
5.03
5.2
5.38
5.55
5.73
5.9
6.07
6.25
6.42
6.59
6.76
6.93
7.1
7.27
7.44
7.62
7.8
7.98
8.15
8.32
8.49
8.65
8.81
8.96
9.11
9.25
9.39
9.52
9.65
9.78
9.9
10.02
10.13
10.25
10.36
10.47
10.58
10.69
10.79
10.9
11
11.11
11.22
11.33
11.44
11.55
11.67
11.79
11.92
12.04
12.18
12.31
12.45
12.59
12.74
12.9
13.06
13.22
13.39
13.56
13.73
13.91
14.1
14.29
14.49
14.69
14.9
15.12
15.34
15.57
15.8
16.04
16.29
16.53
16.79
17.05
17.31
17.58
17.85
18.13
18.41
18.7
18.99
19.29
19.59
19.9
20.21
20.52
20.84
21.16
21.48
21.81
22.15
22.48
22.82
23.16
23.51
23.86
24.21
24.56
24.92
25.28
25.64
26.01
26.38
26.74
27.11
27.49
27.86
28.23
28.61
28.99
29.36
29.74
30.11
30.49
30.86
31.23
31.6
31.97
32.34
32.7
33.07
33.43
33.78
34.14
34.49
34.84
35.19
35.53
35.87
36.21
36.55
36.89
37.22
37.54
37.87
38.19
38.51
38.82
39.14
39.45
39.75
40.05
40.35
40.64
40.93
41.22
41.5
41.77
42.05
42.32
42.59
42.85
43.11
43.36
43.61
43.86
44.11
44.35
44.59
44.83
45.06
45.29
45.52
45.74
45.95
46.17
46.38
46.58
46.79
46.99
47.18
47.37
47.56
47.74
47.92
48.09
48.26
48.43
48.59
48.75
48.91
49.06
49.2
49.34
49.48
49.61
49.74
49.87
49.99
50.11
50.22
50.33
50.44
50.54
50.63
50.73
50.82
50.9
50.98
51.07
51.14
51.22
51.29
51.37
51.44
51.52
51.59
51.66
51.74
51.81
51.88
51.95
52.02
52.09
52.16
52.23
52.29
52.36
52.42
52.48
52.55
52.61
52.67
52.74
52.8
52.86
52.93
52.99
53.06
53.12
53.19
53.26
53.32
53.39
53.45
53.52
53.58
53.64
53.71
53.77
53.83
53.89
53.95
54
54.06
54.11
54.17
54.22
54.27
54.32
54.37
54.43
54.47
54.52
54.57
54.62
54.67
54.72
54.77
54.82
54.87
54.92
54.97
55.03
55.08
55.13
55.19
55.24
55.3
55.36
55.42
55.48
55.54
55.6
55.67
55.73
55.8
55.87
55.94
56.01
56.08
56.15
56.23
56.31
56.39
56.47
56.55
56.64
56.72
56.81
56.91
57
57.11
57.21
57.32
57.43
57.55
57.67
57.8
57.92
58.06
58.19
58.34
58.48
58.63
58.79
58.95
59.11
59.28
59.45
59.63
59.81
59.99
60.18
60.38
60.57
60.78
60.98
61.19
61.4
61.62
61.83
62.06
62.28
62.51
62.74
62.98
63.22
63.46
63.7
63.94
64.18
64.43
64.67
64.92
65.17
65.41
65.66
65.9
66.15
66.39
66.63
66.86
67.1
67.33
67.55
67.78
68
68.21
68.43
68.63
68.84
69.03
69.22
69.4
69.58
69.75
69.91
70.07
70.22
70.37
70.51
70.65
70.79
70.91
71.04
71.16
71.28
71.4
71.51
71.62
71.73
71.83
71.93
72.02
72.12
72.2
72.29
72.37
72.45
72.53
72.61
72.68
72.75
72.82
72.89
72.96
73.03
73.09
73.16
73.22
73.28
73.34
73.4
73.45
73.5
73.55
73.6
73.64
73.68
73.73
73.76
73.8
73.83
73.87
73.9
73.93
73.96
73.99
74.01
74.04
74.05
74.07
74.08
74.09
74.1
74.1
74.1
74.1
74.09
74.08
74.07
74.05
74.02
74
73.97
73.93
73.9
73.86
73.82
73.77
73.72
73.67
73.6
73.53
73.45
73.37
73.27
73.17
73.06
72.94
72.82
72.69
72.55
72.41
72.26
72.1
71.94
71.77
71.59
71.4
71.2
70.99
70.77
70.56
70.34
70.12
69.9
69.68
69.46
69.23
69.01
68.78
68.55
68.31
68.08
67.84
67.61
67.37
67.13
66.9
66.66
66.43
66.21
65.98
65.75
65.53
65.31
65.09
64.87
64.65
64.44
64.24
64.04
63.85
63.66
63.47
63.28
63.1
62.92
62.74
62.58
62.42
62.26
62.11
61.96
61.81
61.66
61.52
61.38
61.25
61.12
61
60.89
60.79
60.69
60.6
60.51
60.43
60.36
60.29
60.23
60.18
60.13
60.09
60.06
60.03
60
59.98
59.97
59.96
59.95
59.96
59.97
59.98
60
60.03
60.06
60.1
60.14
60.19
60.24
60.3
60.37
60.44
60.52
60.61
60.7
60.8
60.9
61.01
61.12
61.25
61.39
61.53
61.68
61.84
62
62.17
62.35
62.54
62.73
62.94
63.15
63.36
63.59
63.81
64.05
64.29
64.53
64.78
65.04
65.29
65.56
65.83
66.1
66.38
66.66
66.95
67.24
67.53
67.83
68.13
68.43
68.74
69.05
69.36
69.67
69.99
70.31
70.63
70.95
71.27
71.6
71.92
72.25
72.58
72.92
73.25
73.58
73.92
74.26
74.6
74.94
75.28
75.63
75.97
76.31
76.66
77
77.35
77.69
78.04
78.38
78.73
79.07
79.41
79.75
80.09
80.43
80.77
81.1
81.43
81.76
82.09
82.41
82.73
83.05
83.37
83.69
84
84.3
84.6
84.89
85.18
85.46
85.73
86
86.26
86.52
86.77
87
87.23
87.44
87.65
87.85
88.03
88.21
88.38
88.55
88.7
88.84
88.98
89.11
89.23
89.35
89.45
89.56
89.65
89.75
89.84
89.92
90
90.07
90.14
90.21
90.27
90.33
90.39
90.44
90.5
90.55
90.59
90.64
90.68
90.73
90.77
90.81
90.84
90.88
90.92
90.96
91
91.04
91.08
91.12
91.16
91.2
91.25
91.29
91.34
91.39
91.44
91.49
91.54
91.59
91.64
91.69
91.74
91.79
91.84
91.9
91.96
92.01
92.07
92.14
92.2
92.26
92.33
92.4
92.47
92.54
92.61
92.68
92.75
92.82
92.89
92.96
93.04
93.11
93.18
93.26
93.33
93.41
93.49
93.56
93.64
93.72
93.8
93.87
93.95
94.03
94.11
94.18
94.26
94.33
94.41
94.48
94.56
94.63
94.7
94.78
94.85
94.93
95
95.08
95.16
95.23
95.31
95.39
95.47
95.55
95.63
95.72
95.8
95.88
95.97
96.06
96.14
96.23
96.33
96.42
96.51
96.61
96.71
96.81
96.91
97.02
97.13
97.23
97.35
97.46
97.57
97.69
97.8
97.92
98.04
98.16
98.28
98.4
98.53
98.65
98.78
98.92
99.05
99.19
99.33
99.47
99.62
99.77
99.92
100.07
100.22
100.38
100.53
100.69
100.85
101.01
101.18
101.34
101.5
101.66
101.83
101.99
102.15
102.32
102.48
102.64
102.81
102.97
103.13
103.29
103.45
103.62
103.78
103.94
104.1
104.26
104.42
104.58
104.74
104.9
105.06
105.21
105.37
105.53
105.69
105.85
106.01
106.17
106.33
106.5
106.66
106.82
106.99
107.15
107.32
107.48
107.65
107.82
107.99
108.16
108.33
108.5
108.67
108.84
109.01
109.18
109.35
109.52
109.69
109.86
110.03
110.21
110.38
110.55
110.72
110.89
111.06
111.23
111.4
111.58
111.75
111.92
112.1
112.27
112.45
112.63
112.8
112.98
113.15
113.33
113.5
113.67
113.84
114.01
114.18
114.35
114.51
114.68
114.84
115
115.16
115.31
115.47
115.62
115.78
115.93
116.08
116.23
116.38
116.53
116.67
116.82
116.96
117.09
117.18
117.23
117.25
117.26
117.27
117.27
117.26
117.26
117.26
117.26
117.26
117.26
117.26
117.26
117.26
117.26
117.26
117.26
117.26
117.26
117.26
117.26
117.26
117.26
117.26
117.26
117.26
117.26
117.26
117.26
117.26
117.26
117.26
117.26
117.26
117.26
117.26
117.26
117.26
117.26
117.26
117.26
117.26
117.26
117.26
117.26
117.26
117.26
117.26
117.26
117.26
117.26
117.26
117.26
117.26
117.26
117.26
117.26
117.26
117.26
117.26
117.26
117.26
117.26
117.26
117.26
117.26
117.26
117.26
117.26
117.26
117.26
117.26
117.26
117.26
117.26
117.26
117.26
117.26
117.26
117.26
117.26
117.26
117.26
117.26
117.26
117.26
117.26
117.26
117.26
117.26
117.26
117.26
117.26
117.26
117.26
117.26
117.26
117.26
117.26
117.26
117.26
117.26
117.26
117.26
117.26
117.26
117.26
117.26
117.26
117.26
117.26
117.26
117.26
117.26
117.26
117.26
117.26
117.26
117.26
117.26
117.26
117.26
117.26
117.26
117.26
117.26
117.26
117.26
117.26
117.26
117.26
117.26
117.26
117.26
117.26
117.26
117.26
117.26
117.26
117.26
117.26
117.26
117.26
117.26
117.26
117.26
117.26
117.26
117.26
117.26
117.26
117.26
117.26
117.26
117.26
117.26
117.26
117.26
117.26
117.26
117.26
117.26
117.26
117.26
117.26
117.26
117.26
117.26
117.26
117.26
117.26
117.26
117.26
117.26
117.26
117.26
117.26
117.26
117.26
117.26
117.26
117.26
117.26
117.26
117.26
117.26
117.26
117.26
117.26
117.26
117.26
117.26
117.26
117.26
117.26
117.26
117.26
117.26
117.26
117.26
117.26
117.26
117.26
117.26
117.26
117.26
117.26
117.24
117.15
117.02
116.87
116.71
116.55
116.34
116.09
115.85
115.62
115.43
115.27
115.12
114.96
114.81
114.66
114.52
114.4
114.29
114.21
114.14
114.09
114.04
114.01
113.99
113.97
113.95
113.95
113.94
113.94
113.94
113.94
113.94
113.94
113.93
113.93
113.93
113.92
113.91
113.9
113.89
113.88
113.86
113.84
113.83
113.81
113.79
113.76
113.74
113.71
113.68
113.64
113.61
113.57
113.53
113.49
113.45
113.41
113.36
113.32
113.27
113.23
113.19
113.14
113.1
113.06
113.01
112.97
112.92
112.87
112.82
112.76
112.71
112.64
112.58
112.52
112.45
112.38
112.31
112.23
112.16
112.08
112
111.92
111.84
111.75
111.67
111.58
111.5
111.41
111.32
111.23
111.15
111.06
110.96
110.87
110.78
110.69
110.59
110.5
110.4
110.3
110.21
110.11
110.01
109.91
109.81
109.71
109.61
109.51
109.41
109.31
109.21
109.11
109.01
108.91
108.81
108.72
108.62
108.53
108.44
108.35
108.26
108.17
108.09
108.01
107.93
107.85
107.78
107.7
107.63
107.56
107.5
107.43
107.37
107.31
107.25
107.19
107.13
107.08
107.02
106.97
106.92
106.87
106.82
106.78
106.74
106.69
106.66
106.62
106.59
106.56
106.53
106.5
106.47
106.45
106.43
106.4
106.38
106.36
106.34
106.32
106.31
106.29
106.28
106.26
106.25
106.24
106.23
106.22
106.22
106.21
106.21
106.2
106.2
106.19
106.19
106.19
106.19
106.19
106.19
106.19
106.19
106.19
106.2
106.2
106.21
106.22
106.22
106.23
106.25
106.26
106.27
106.28
106.3
106.31
106.32
106.34
106.35
106.37
106.38
106.39
106.41
106.43
106.44
106.46
106.48
106.5
106.52
106.54
106.56
106.58
106.61
106.63
106.66
106.69
106.72
106.75
106.78
106.81
106.84
106.88
106.91
106.95
106.99
107.03
107.08
107.12
107.17
107.22
107.27
107.32
107.37
107.42
107.48
107.54
107.6
107.66
107.72
107.79
107.85
107.92
107.99
108.06
108.13
108.2
108.28
108.35
108.43
108.51
108.59
108.67
108.76
108.84
108.93
109.02
109.11
109.21
109.3
109.4
109.5
109.61
109.71
109.82
109.92
110.03
110.14
110.26
110.37
110.49
110.6
110.72
110.84
110.96
111.08
111.2
111.32
111.45
111.57
111.7
111.83
111.95
112.08
112.21
112.34
112.46
112.59
112.72
112.84
112.96
113.09
113.21
113.32
113.44
113.56
113.67
113.78
113.89
114
114.11
114.22
114.32
114.42
114.53
114.63
114.72
114.82
114.91
115.01
115.1
115.19
115.27
115.36
115.44
115.52
115.6
115.68
115.76
115.83
115.9
115.97
116.04
116.1
116.17
116.23
116.28
116.33
116.38
116.43
116.47
116.51
116.55
116.58
116.61
116.64
116.66
116.67
116.69
116.7
116.71
116.71
116.71
116.71
116.71
116.7
116.69
116.67
116.66
116.64
116.61
116.59
116.56
116.52
116.49
116.45
116.41
116.37
116.32
116.26
116.2
116.13
116.06
115.98
115.89
115.8
115.7
115.6
115.49
115.37
115.25
115.13
115
114.86
114.73
114.59
114.44
114.29
114.14
113.99
113.84
113.69
113.54
113.4
113.25
113.1
112.95
112.79
112.6
112.4
112.2
111.99
111.79
111.58
111.38
111.18
110.98
110.79
110.59
110.4
110.21
110.02
109.84
109.65
109.48
109.3
109.13
108.97
108.8
108.65
108.49
108.34
108.19
108.05
107.91
107.76
107.62
107.48
107.34
107.2
107.06
106.92
106.78
106.64
106.5
106.37
106.24
106.14
106.05
105.97
105.9
105.85
105.8
105.77
105.74
105.72
105.7
105.69
105.68
105.68
105.67
105.67
105.68
105.68
105.68
105.68
105.69
105.69
105.69
105.69
105.69
105.7
105.7
105.7
105.7
105.69
105.69
105.69
105.69
105.68
105.68
105.67
105.67
105.66
105.65
105.64
105.63
105.61
105.6
105.58
105.57
105.55
105.53
105.5
105.48
105.45
105.43
105.4
105.37
105.34
105.3
105.27
105.23
105.2
105.16
105.12
105.08
105.04
105
104.95
104.91
104.86
104.82
104.77
104.72
104.67
104.62
104.57
104.53
104.48
104.43
104.38
104.34
104.3
104.25
104.21
104.17
104.13
104.1
104.06
104.03
104
103.97
103.95
103.92
103.9
103.88
103.87
103.85
103.84
103.83
103.83
103.83
103.83
103.83
103.83
103.84
103.85
103.87
103.89
103.91
103.94
103.98
104.01
104.05
104.09
104.14
104.19
104.24
104.3
104.36
104.42
104.49
104.55
104.62
104.7
104.77
104.85
104.93
105.01
105.09
105.18
105.27
105.37
105.46
105.56
105.66
105.76
105.86
105.97
106.07
106.18
106.29
106.4
106.51
106.62
106.74
106.85
106.97
107.09
107.21
107.33
107.45
107.58
107.71
107.83
107.96
108.09
108.22
108.36
108.49
108.63
108.77
108.9
109.04
109.18
109.32
109.46
109.6
109.75
109.89
110.03
110.17
110.31
110.45
110.6
110.74
110.88
111.02
111.16
111.3
111.44
111.59
111.73
111.87
112
112.14
112.28
112.41
112.54
112.68
112.81
112.93
113.06
113.19
113.31
113.43
113.55
113.67
113.79
113.91
114.02
114.14
114.25
114.36
114.47
114.58
114.69
114.8
114.9
115.01
115.11
115.22
115.32
115.42
115.52
115.61
115.71
115.8
115.89
115.98
116.07
116.16
116.25
116.33
116.42
116.5
116.58
116.67
116.75
116.83
116.91
116.99
117.07
117.15
117.2
117.24
117.25
117.26
117.26
117.27
117.26
117.26
117.26
117.26
117.26
117.26
117.26
117.26
117.26
117.26
117.26
117.26
117.26
117.26
117.26
117.26
117.26
117.26
117.26
117.26
117.26
117.26
117.26
117.26
117.26
117.26
117.26
117.26
117.26
117.26
117.26
117.26
117.26
117.26
117.26
117.26
117.26
117.26
117.26
117.26
117.26
117.26
117.26
117.26
117.26
117.26
117.26
117.26
117.26
117.26
117.26
117.26
117.26
117.26
117.26
117.26
117.26
117.26
117.26
117.26
117.26
117.26
117.26
117.26
117.26
117.26
117.26
117.26
117.26
117.26
117.26
117.26
117.26
117.26
117.26
117.26
117.26
117.26
117.26
117.26
117.26
117.26
117.26
117.26
117.26
117.26
117.26
117.26
117.26
117.26
117.26
117.26
117.26
117.26
117.26
117.26
117.26
117.26
117.26
117.26
117.26
117.26
117.26
117.26
117.26
117.26
117.26
117.26
117.26
117.26
117.26
117.26
117.26
117.26
117.26
117.26
117.26
117.26
117.26
117.26
117.26
117.26
117.26
117.26
117.26
117.26
117.26
117.26
117.26
117.26
117.26
117.26
117.26
117.26
117.26
117.26
117.26
117.26
117.26
117.26
117.26
117.26
117.26
117.26
117.26
117.26
117.26
117.26
117.26
117.26
117.26
117.26
117.26
117.26
117.26
117.26
117.26
117.26
117.26
117.26
117.26
117.26
117.26
117.26
117.26
117.26
117.26
117.26
117.26
117.26
117.26
117.26
117.26
117.26
117.26
117.26
117.26
117.26
117.26
117.26
117.26
117.26
117.26
117.26
117.26
117.26
117.26
117.26
117.26
117.26
117.26
117.26
117.26
117.26
117.26
117.26
117.26
117.26
117.26
117.26
117.26
117.26
117.26
117.26
117.26
117.26
117.26
117.26
117.26
117.26
117.26
117.26
117.26
117.26
117.26
117.26
117.26
117.26
117.26
117.26
117.26
117.26
117.26
117.26
117.26
117.26
117.26
117.26
117.26
117.26
117.26
117.26
117.26
117.26
117.26
117.26
117.26
117.26
117.26
117.26
117.26
117.26
117.26
117.26
117.26
117.26
117.26
117.26
117.26
117.26
117.26
117.26
117.26
117.26
117.26
117.26
117.26
117.26
117.26
117.26
117.26
117.26
117.26
117.26
117.26
117.26
117.26
117.26
117.26
117.26
117.26
117.26
117.26
117.26
117.26
117.26
117.26
117.26
117.26
117.26
117.26
117.26
117.26
117.26
117.26
117.26
117.26
117.26
117.26
117.26
117.26
117.26
117.26
117.26
117.26
117.26
117.26
117.26
117.26
117.26
117.26
117.26
117.26
117.26
117.26
117.26
117.26
117.26
117.26
117.26
117.26
117.26
117.26
117.26
117.26
117.26
117.26
117.26
117.26
117.26
117.26
117.26
117.26
117.26
117.26
117.26
117.26
117.26
117.26
117.26
117.26
117.26
117.26
117.26
117.26
117.26
117.26
117.26
117.26
117.26
117.26
117.26
117.26
117.26
117.26
117.26
117.26
117.26
117.26
117.26
117.26
117.26
117.26
117.26
117.26
117.26
117.26
117.26
117.26
117.26
117.26
117.26
117.26
117.26
117.26
117.26
117.26
117.26
117.26
117.26
117.26
117.26
117.26
117.26
117.26
117.26
117.26
117.26
117.26
117.26
117.26
117.26
117.26
117.26
117.26
117.26
117.26
117.26
117.26
117.26
117.26
117.26
117.26
117.26
117.26
117.26
117.26
117.26
117.26
117.26
117.26
117.26
117.26
117.26
117.26
117.26
117.26
117.26
117.26
117.26
117.26
117.26
117.26
117.26
117.26
117.26
117.26
117.26
117.26
117.26
117.26
117.26
117.26
117.26
117.26
117.26
117.26
117.26
117.26
117.26
117.26
117.26
117.26
117.26
117.26
117.26
117.26
117.26
117.26
117.26
117.26
117.26
117.26
117.26
117.26
117.26
117.26
117.26
117.26
117.26
117.26
117.26
117.26
117.26
117.26
117.26
117.26
117.26
117.26
117.26
117.26
117.26
117.26
117.26
117.26
117.26
117.26
117.26
117.26
117.26
117.26
117.26
117.26
117.26
117.26
117.26
117.26
117.26
117.26
117.26
117.26
117.26
117.26
117.26
117.26
117.26
117.26
117.26
117.26
117.26
117.26
117.26
117.26
117.26
117.26
117.26
117.26
117.26
117.26
117.26
117.26
117.26
117.26
117.26
117.26
117.26
117.26
117.26
117.26
117.26
117.26
117.26
117.26
117.26
117.26
117.26
117.26
117.26
117.26
117.26
117.26
117.26
117.26
117.26
117.26
117.26
117.26
117.26
117.26
117.26
117.26
117.26
117.26
117.26
117.26
117.26
117.26
117.26
117.26
117.26
117.26
117.26
117.26
117.26
117.26
117.26
117.26
117.26
117.26
117.26
117.26
117.26
117.26
117.26
117.26
117.26
117.26
117.26
117.26
117.26
117.26
117.26
117.26
117.26
117.26
117.26
117.26
117.26
117.26
117.26
117.26
117.26
117.26
117.26
117.26
117.26
117.26
117.26
117.26
117.26
117.26
117.26
117.26
117.26
117.26
117.26
117.26
117.26
117.26
117.26
117.26
117.26
117.26
117.26
117.26
117.26
117.26
117.26
117.26
117.26
117.26
117.26
117.26
117.26
117.26
117.26
117.26
117.26
117.26
117.26
117.26
117.26
117.26
117.26
117.26
117.26
117.26
117.26
117.26
117.26
117.26
117.26
117.26
117.26
117.26
117.26
117.26
117.26
117.26
117.26
117.26
117.26
117.26
117.26
117.26
117.26
117.26
117.26
117.26
117.26
117.26
117.26
117.26
117.26
117.26
117.26
117.26
117.26
117.26
117.26
117.26
117.26
117.26
117.26
117.26
117.26
117.26
117.26
117.26
117.26
117.26
117.26
117.26
117.26
117.26
117.26
117.26
117.26
117.26
117.26
117.26
117.26
117.26
117.26
117.26
117.26
117.26
117.26
117.26
117.26
117.26
117.26
117.26
117.26
117.26
117.26
117.26
117.26
117.26
117.26
117.26
117.26
117.26
117.26
117.26
117.26
117.26
117.26
117.26
117.26
117.26
117.26
117.26
117.26
117.26
117.26
117.26
117.26
117.26
117.26
117.26
117.26
117.26
117.26
117.26
117.26
117.26
117.26
117.26
117.26
117.26
117.26
117.26
117.26
117.26
117.26
117.26
117.26
117.26
117.26
117.26
117.26
117.26
117.26
117.26
117.26
117.26
117.26
117.26
117.26
117.26
117.26
117.26
117.26
117.26
117.26
117.26
117.26
117.26
117.26
117.26
117.26
117.26
117.26
117.26
117.26
117.26
117.26
117.26
117.26
117.26
117.26
117.26
117.26
117.26
117.26
117.26
117.26
117.26
117.26
117.26
117.26
117.26
117.26
117.26
117.26
117.26
117.26
117.26
117.2
117.06
116.89
116.61
116.18
115.71
115.23
114.78
114.35
113.94
113.54
113.16
112.78
112.42
112.07
111.73
111.4
111.08
110.76
110.45
110.14
109.83
109.52
109.21
108.91
108.61
108.32
108.05
107.77
107.51
107.25
106.99
106.74
106.49
106.25
106
105.75
105.51
105.26
105.02
104.78
104.55
104.31
104.07
103.84
103.61
103.38
103.15
102.93
102.71
102.49
102.27
102.05
101.84
101.62
101.41
101.19
100.97
100.75
100.52
100.29
100.06
99.82
99.68
99.52
99.37
99.22
99.08
98.93
98.78
98.63
98.48
98.34
98.19
98.05
97.92
97.78
97.63
97.49
97.36
97.23
97.09
96.96
96.82
96.69
96.57
96.44
96.31
96.19
96.06
95.94
95.82
95.7
95.58
95.46
95.34
95.23
95.12
95.01
94.9
94.79
94.68
94.58
94.47
94.37
94.27
94.17
94.07
93.97
93.87
93.77
93.67
93.57
93.47
93.38
93.28
93.18
93.08
92.98
92.88
92.79
92.69
92.59
92.49
92.39
92.3
92.2
92.11
92.02
91.92
91.83
91.74
91.65
91.57
91.48
91.4
91.31
91.23
91.15
91.06
90.98
90.9
90.82
90.74
90.66
90.59
90.51
90.44
90.36
90.29
90.22
90.15
90.08
90.02
89.95
89.89
89.83
89.77
89.71
89.65
89.59
89.54
89.49
89.43
89.38
89.33
89.28
89.23
89.18
89.13
89.08
89.03
88.98
88.93
88.88
88.83
88.78
88.73
88.69
88.64
88.59
88.54
88.49
88.44
88.39
88.34
88.3
88.25
88.2
88.15
88.1
88.05
88
87.95
87.9
87.85
87.8
87.75
87.7
87.65
87.6
87.55
87.5
87.45
87.4
87.35
87.3
87.25
87.2
87.15
87.1
87.05
87
86.95
86.9
86.85
86.8
86.75
86.7
86.65
86.6
86.55
86.5
86.45
86.4
86.34
86.29
86.24
86.19
86.13
86.08
86.02
85.97
85.91
85.86
85.8
85.74
85.69
85.63
85.58
85.52
85.47
85.41
85.36
85.31
85.25
85.2
85.14
85.09
85.03
84.98
84.92
84.86
84.81
84.75
84.69
84.63
84.58
84.52
84.46
84.4
84.34
84.28
84.22
84.16
84.1
84.04
83.98
83.92
83.86
83.8
83.74
83.68
83.62
83.56
83.5
83.44
83.38
83.32
83.26
83.2
83.14
83.08
83.02
82.96
82.9
82.84
82.78
82.72
82.66
82.6
82.54
82.48
82.42
82.36
82.29
82.23
82.17
82.11
82.04
81.98
81.91
81.85
81.78
81.71
81.64
81.57
81.5
81.43
81.35
81.28
81.2
81.12
81.04
80.95
80.87
80.78
80.68
80.59
80.49
80.38
80.27
80.16
80.05
79.93
79.8
79.68
79.54
79.41
79.27
79.12
78.97
78.81
78.65
78.49
78.32
78.15
77.96
77.76
77.54
77.32
77.09
76.86
76.62
76.38
76.13
75.88
75.63
75.38
75.12
74.86
74.59
74.32
74.05
73.77
73.49
73.21
72.93
72.65
72.37
72.08
71.79
71.49
71.2
70.89
70.59
70.28
69.97
69.66
69.35
69.03
68.72
68.4
68.09
67.77
67.45
67.14
66.82
66.5
66.18
65.86
65.54
65.22
64.91
64.59
64.27
63.95
63.64
63.33
63.02
62.71
62.41
62.1
61.8
61.49
61.19
60.9
60.6
60.32
60.03
59.75
59.46
59.18
58.91
58.63
58.36
58.09
57.83
57.57
57.31
57.05
56.8
56.55
56.3
56.06
55.81
55.56
55.32
55.08
54.83
54.59
54.35
54.11
53.86
53.62
53.38
53.14
52.89
52.65
52.4
52.16
51.91
51.66
51.41
51.16
50.91
50.65
50.39
50.12
49.85
49.58
49.31
49.03
48.75
48.46
48.18
47.88
47.59
47.28
46.98
46.66
46.35
46.03
45.72
45.39
45.07
44.74
44.4
44.07
43.73
43.38
43.03
42.68
42.33
41.98
41.63
41.28
40.93
40.57
40.22
39.87
39.52
39.17
38.82
38.47
38.12
37.78
37.44
37.1
36.77
36.43
36.1
35.77
35.45
35.12
34.8
34.49
34.18
33.88
33.58
33.29
33
32.72
32.43
32.15
31.88
31.61
31.35
31.1
30.85
30.61
30.37
30.13
29.89
29.66
29.43
29.21
28.99
28.77
28.56
28.35
28.13
27.93
27.72
27.51
27.31
27.11
26.91
26.71
26.51
26.31
26.12
25.92
25.73
25.54
25.34
25.15
24.96
24.77
24.58
24.39
24.2
24
23.81
23.62
23.43
23.24
23.04
22.85
22.65
22.46
22.26
22.06
21.87
21.67
21.47
21.26
21.05
20.84
20.62
20.41
20.19
19.97
19.75
19.52
19.29
19.06
18.82
18.57
18.32
18.07
17.82
17.56
17.3
17.04
16.77
16.5
16.22
15.93
15.64
15.34
15.04
14.74
14.43
14.12
13.81
13.49
13.16
12.83
12.49
12.15
11.81
11.46
11.12
10.77
10.42
10.07
9.72
9.37
9.02
8.67
8.31
7.96
7.61
7.26
6.89
6.51
6.12
5.72
5.3
4.86
4.41
3.93
3.45
2.97
2.52
2.13
1.8
1.49
1.19
0.88
0.57
0.27
0.01
0.03
0.03
0.02
0.01
0
0
0
0
0
0
0
0
0
0
0
0
0
0
0
0
0
0
0
0
0
0
0
0
0
0
0
0
0
0
0
0
0
0
0
0
0
0
0
0
0
0
