0.09977579116821289 
0.09977936744689941 
0.09977316856384277 
0.09973382949829102 
0.09973549842834473 
0.09973311424255371 
0.0997779369354248 
0.09973311424255371 
0.09977531433105469 
0.09968400001525879 
0.09977293014526367 
0.09973526000976562 
0.09977912902832031 
0.09967637062072754 
0.09973549842834473 
0.09973502159118652 
0.09973812103271484 
0.09977459907531738 
0.09977984428405762 
0.0990595817565918 
0.09973406791687012 
0.09973430633544922 
0.09973335266113281 
0.09973621368408203 
0.03390955924987793 
0.029878616333007812 
0.03789830207824707 
0.031914472579956055 
0.025931835174560547 
0.036835432052612305 
0.025933265686035156 
0.0316314697265625 
0.02593517303466797 
0.02693486213684082 
0.02892470359802246 
0.03590750694274902 
0.02596426010131836 
0.032842397689819336 
