0.9993219375610352 
0.9992458820343018 
0.9993307590484619 
0.9993717670440674 
0.9992363452911377 
0.9993612766265869 
0.9992773532867432 
0.9993727207183838 
0.9993307590484619 
0.9993689060211182 
0.9993300437927246 
0.9993724822998047 
0.9993703365325928 
0.9993338584899902 
0.9993290901184082 
0.999274492263794 
0.9993295669555664 
0.9992830753326416 
0.9993271827697754 
0.9996986389160156 
0.9993293285369873 
0.9993751049041748 
0.9993441104888916 
0.9993729591369629 
0.9993722438812256 
0.9993720054626465 
0.9993300437927246 
0.9993717670440674 
0.99932861328125 
0.9993264675140381 
0.9993302822113037 
0.9993765354156494 
0.9993557929992676 
0.9992184638977051 
0.9993340969085693 
0.9993264675140381 
0.9992234706878662 
0.9993295669555664 
0.9993271827697754 
0.9992697238922119 
0.9993734359741211 
0.999373197555542 
0.9991867542266846 
0.9993722438812256 
0.9991836547851562 
0.9993789196014404 
0.9993629455566406 
0.9993269443511963 
0.9993710517883301 
0.9993300437927246 
0.9993672370910645 
0.9992668628692627 
0.9993760585784912 
0.9992716312408447 
0.9992785453796387 
0.9993329048156738 
0.9993698596954346 
0.9992356300354004 
0.9992794990539551 
0.9993302822113037 
0.9993619918823242 
0.9993343353271484 
0.9993298053741455 
0.9993300437927246 
0.9993722438812256 
0.9993295669555664 
0.9992127418518066 
0.9992821216583252 
0.9993743896484375 
0.9992814064025879 
0.9993753433227539 
0.999337911605835 
0.9993255138397217 
0.9992361068725586 
0.9992809295654297 
0.9993734359741211 
0.9992702007293701 
0.9992365837097168 
0.9993300437927246 
0.9993302822113037 
0.9993290901184082 
0.9992330074310303 
0.9993290901184082 
0.9993307590484619 
0.9993734359741211 
0.9992358684539795 
0.9992382526397705 
0.999366044998169 
0.9993741512298584 
0.9993300437927246 
0.9993715286254883 
0.9993941783905029 
0.9993748664855957 
0.9992804527282715 
0.99936842918396 
0.9993290901184082 
0.9992289543151855 
0.999373197555542 
0.9993290901184082 
0.9993290901184082 
0.9992175102233887 
0.9993300437927246 
0.9993290901184082 
0.9992780685424805 
0.9993307590484619 
0.9993269443511963 
0.9993720054626465 
0.9992361068725586 
0.9993722438812256 
0.9992580413818359 
0.9993762969970703 
0.9993300437927246 
0.9992620944976807 
0.9993271827697754 
0.99932861328125 
0.9992110729217529 
0.9993727207183838 
0.9993758201599121 
0.999373197555542 
0.9993746280670166 
0.9993295669555664 
0.9992198944091797 
0.9994192123413086 
0.9993655681610107 
0.9992721080780029 
0.999237060546875 
0.9993472099304199 
