0
0
0
0
0
0
0
0
0
0
0
0
3.75
7.5
11.25
15
15
15
15
15
15
15
15
15
12
9
6
3
0
0
0
0
0
0
0
0
0
0
0
0
0
0
0
0
0
0
0
0
0
0
2.5
5
7.5
10
12.5
15
17.83
20.67
23.5
26.33
29.17
32
32
32
32
32
32
32
32
32
32
32
32
32
32
32
32
32
32
32
32
32
32
32
32
32
29.09
26.18
23.27
20.36
17.45
14.55
11.64
8.73
5.82
2.91
0
0
0
0
0
0
0
0
0
0
0
0
0
0
0
0
0
0
0
0
0
0
2.5
5
7.5
10
12.5
15
16.82
18.64
20.45
22.27
24.09
25.91
27.73
29.55
31.36
33.18
35
36.67
38.33
40
41.67
43.33
45
46.67
48.33
50
50
50
50
50
50
50
50
50
50
50
50
50
48.12
46.25
44.38
42.5
40.62
38.75
36.88
35
35
35
35
35
35
35
35
35
35
35
35
35
35
35
35
31.5
28
24.5
21
17.5
14
10.5
7
3.5
0
0
0
0
0
0
0
0
0
0
0
0
0
0
0
0
0
0
0
3.75
7.5
11.25
15
15
15
15
15
15
15
15
15
12
9
6
3
0
0
0
0
0
0
0
0
0
0
0
0
0
0
0
0
0
0
0
0
0
0
2.5
5
7.5
10
12.5
15
17.83
20.67
23.5
26.33
29.17
32
32
32
32
32
32
32
32
32
32
32
32
32
32
32
32
32
32
32
32
32
32
32
32
32
29.09
26.18
23.27
20.36
17.45
14.55
11.64
8.73
5.82
2.91
0
0
0
0
0
0
0
0
0
0
0
0
0
0
0
0
0
0
0
0
0
0
2.5
5
7.5
10
12.5
15
16.82
18.64
20.45
22.27
24.09
25.91
27.73
29.55
31.36
33.18
35
36.67
38.33
40
41.67
43.33
45
46.67
48.33
50
50
50
50
50
50
50
50
50
50
50
50
50
48.12
46.25
44.38
42.5
40.62
38.75
36.88
35
35
35
35
35
35
35
35
35
35
35
35
35
35
35
35
31.5
28
24.5
21
17.5
14
10.5
7
3.5
0
0
0
0
0
0
0
0
0
0
0
0
0
0
0
0
0
0
0
3.75
7.5
11.25
15
15
15
15
15
15
15
15
15
12
9
6
3
0
0
0
0
0
0
0
0
0
0
0
0
0
0
0
0
0
0
0
0
0
0
2.5
5
7.5
10
12.5
15
17.83
20.67
23.5
26.33
29.17
32
32
32
32
32
32
32
32
32
32
32
32
32
32
32
32
32
32
32
32
32
32
32
32
32
29.09
26.18
23.27
20.36
17.45
14.55
11.64
8.73
5.82
2.91
0
0
0
0
0
0
0
0
0
0
0
0
0
0
0
0
0
0
0
0
0
0
2.5
5
7.5
10
12.5
15
16.82
18.64
20.45
22.27
24.09
25.91
27.73
29.55
31.36
33.18
35
36.67
38.33
40
41.67
43.33
45
46.67
48.33
50
50
50
50
50
50
50
50
50
50
50
50
50
48.12
46.25
44.38
42.5
40.62
38.75
36.88
35
35
35
35
35
35
35
35
35
35
35
35
35
35
35
35
31.5
28
24.5
21
17.5
14
10.5
7
3.5
0
0
0
0
0
0
0
0
0
0
0
0
0
0
0
0
0
0
0
3.75
7.5
11.25
15
15
15
15
15
15
15
15
15
12
9
6
3
0
0
0
0
0
0
0
0
0
0
0
0
0
0
0
0
0
0
0
0
0
0
2.5
5
7.5
10
12.5
15
17.83
20.67
23.5
26.33
29.17
32
32
32
32
32
32
32
32
32
32
32
32
32
32
32
32
32
32
32
32
32
32
32
32
32
29.09
26.18
23.27
20.36
17.45
14.55
11.64
8.73
5.82
2.91
0
0
0
0
0
0
0
0
0
0
0
0
0
0
0
0
0
0
0
0
0
0
2.5
5
7.5
10
12.5
15
16.82
18.64
20.45
22.27
24.09
25.91
27.73
29.55
31.36
33.18
35
36.67
38.33
40
41.67
43.33
45
46.67
48.33
50
50
50
50
50
50
50
50
50
50
50
50
50
48.12
46.25
44.38
42.5
40.62
38.75
36.88
35
35
35
35
35
35
35
35
35
35
35
35
35
35
35
35
31.5
28
24.5
21
17.5
14
10.5
7
3.5
0
0
0
0
0
0
0
0
0
0
0
0
0
0
0
0
0
0
0
0
0
0
0
0
0
0
0
0
2.5
5
7.5
10
12.5
15
16.82
18.64
20.45
22.27
24.09
25.91
27.73
29.55
31.36
33.18
35
36.5
38
39.5
41
42.5
44
45.5
47
48.5
50
51.43
52.86
54.29
55.71
57.14
58.57
60
61.43
62.86
64.29
65.71
67.14
68.57
70
70
70
70
70
70
70
70
70
70
70
70
70
70
70
70
70
70
70
70
70
70
70
70
70
70
70
70
70
70
70
70
70
70
70
70
70
70
70
70
70
70
70
70
70
70
70
70
70
70
70
67.5
65
62.5
60
57.5
55
52.5
50
50
50
50
50
50
50
50
50
50
50
50
50
50
50
50
50
50
50
50
50
50
50
50
50
50
50
50
50
50
50
50
50
50
50
50
50
50
50
50
50
50
50
50
50
50
50
50
50
50
50
50
50
50
50
50
50
50
50
50
50
50
50
50
50
50
50
50
50
50
51.54
53.08
54.62
56.15
57.69
59.23
60.77
62.31
63.85
65.38
66.92
68.46
70
70
70
70
70
70
70
70
70
70
70
70
70
70
70
70
70
70
70
70
70
70
70
70
70
70
70
70
70
70
70
70
70
70
70
70
70
70
70
70
70
70
70
70
70
70
70
70
70
70
70
70.86
71.71
72.57
73.43
74.29
75.14
76
76.86
77.71
78.57
79.43
80.29
81.14
82
82.86
83.71
84.57
85.43
86.29
87.14
88
88.86
89.71
90.57
91.43
92.29
93.14
94
94.86
95.71
96.57
97.43
98.29
99.14
100
100
100
100
100
100
100
100
100
100
100
100
100
100
100
100
100
100
100
100
100
100
100
100
100
100
100
100
100
100
100
101
102
103
104
105
106
107
108
109
110
111
112
113
114
115
116
117
118
119
120
120
120
120
120
120
120
120
120
120
120
117.5
115
112.5
110
107.5
105
102.5
100
97.5
95
92.5
90
87.5
85
82.5
80
76.25
72.5
68.75
65
61.25
57.5
53.75
50
45
40
35
30
25
20
15
10
5
0
0
0
0
0
0
0
0
0
0
0
0
0
0
0
0
0
0
0
0
0
0
0
0
0
0
0
0
0
0
0
0
0
0
0
0
0
0
0
0
0
0
0
0
0
0
0
0
0
0
0